desc: I1 cache:         67108864 B, 64 B, 2-way associative
desc: D1 cache:         67108864 B, 64 B, 2-way associative
desc: LL cache:         268435456 B, 64 B, 8-way associative
cmd: ./a.out
events: Ir I1mr ILmr Dr D1mr DLmr Dw D1mw DLmw 
fl=/build/buildd/eglibc-2.13/csu/../sysdeps/unix/sysv/linux/init-first.c
fn=_init
52 10 2 2 3 0 0 5 0 0
58 4 0 0 1 0 0 1 0 0
67 5 1 1 4 0 0 0 0 0
73 1 0 0 0 0 0 1 1 1
74 1 0 0 0 0 0 1 0 0
75 2 0 0 1 0 0 1 1 1
89 4 0 0 0 0 0 4 0 0
99 6 0 0 5 0 0 0 0 0
fl=/build/buildd/eglibc-2.13/csu/../sysdeps/x86_64/multiarch/init-arch.c
fn=__init_cpu_features
32 9 0 0 0 0 0 5 0 0
38 3 1 1 0 0 0 0 0 0
39 3 0 0 0 0 0 0 0 0
45 7 1 1 0 0 0 5 0 0
53 5 1 1 0 0 0 1 0 0
56 6 1 1 0 0 0 0 0 0
58 2 0 0 0 0 0 0 0 0
65 5 0 0 1 1 1 2 0 0
69 3 0 0 0 0 0 0 0 0
70 2 0 0 0 0 0 0 0 0
75 2 1 1 0 0 0 0 0 0
78 1 0 0 0 0 0 0 0 0
79 4 0 0 0 0 0 1 0 0
90 2 0 0 1 0 0 0 0 0
133 1 0 0 0 0 0 1 0 0
134 1 0 0 0 0 0 1 0 0
136 1 0 0 0 0 0 1 0 0
137 6 0 0 5 0 0 0 0 0
fl=/build/buildd/eglibc-2.13/csu/libc-start.c
fn=(below main)
96 9 1 1 2 0 0 5 0 0
106 7 2 2 2 0 0 1 0 0
158 2 0 0 0 0 0 0 0 0
159 4 0 0 0 0 0 4 0 0
181 4 1 1 2 0 0 0 0 0
184 2 0 0 0 0 0 0 0 0
185 8 0 0 4 0 0 4 0 0
189 4 0 0 2 0 0 0 0 0
204 2 1 1 0 0 0 0 0 0
213 3 0 0 0 0 0 2 0 0
214 2 0 0 0 0 0 0 0 0
219 2 0 0 1 0 0 1 0 0
220 2 0 0 1 0 0 1 0 0
223 2 0 0 0 0 0 1 0 0
226 8 0 0 5 0 0 4 0 0
258 2 0 0 0 0 0 2 0 0
fl=/build/buildd/eglibc-2.13/elf/../elf/dl-sysdep.c
fn=_dl_important_hwcaps
352 18 0 0 9 0 0 0 0 0
354 11 2 2 0 0 0 8 0 0
356 6 0 0 4 0 0 2 0 0
357 5 0 0 1 0 0 1 0 0
366 385 2 2 55 0 0 0 0 0
367 216 0 0 54 0 0 0 0 0
368 54 0 0 27 0 0 0 0 0
374 1 0 0 0 0 0 0 0 0
375 1 0 0 0 0 0 0 0 0
376 5 0 0 2 0 0 1 0 0
418 3 1 1 1 0 0 1 0 0
420 8 1 1 1 0 0 4 0 0
435 4 0 0 0 0 0 0 0 0
436 2 0 0 0 0 0 1 0 0
438 2 1 1 0 0 0 0 0 0
448 2 1 1 0 0 0 0 0 0
465 149 3 3 59 0 0 1 0 0
466 270 0 0 54 0 0 0 0 0
468 10 1 1 4 0 0 4 0 0
469 52 0 0 6 3 3 2 0 0
470 28 0 0 4 0 0 4 0 0
471 2 0 0 2 0 0 0 0 0
473 3 0 0 1 0 0 0 0 0
475 3 0 0 1 0 0 1 0 0
476 4 0 0 1 0 0 1 0 0
480 3 0 0 0 0 0 1 0 0
481 1 0 0 0 0 0 1 0 0
484 2 1 1 1 0 0 0 0 0
487 2 0 0 1 0 0 0 0 0
488 1 0 0 1 0 0 0 0 0
491 3 0 0 2 0 0 0 0 0
492 2 0 0 0 0 0 0 0 0
494 1 1 1 0 0 0 0 0 0
495 11 0 0 2 0 0 0 0 0
496 4 0 0 2 0 0 0 0 0
497 2 0 0 1 0 0 0 0 0
498 2 0 0 1 0 0 0 0 0
499 3 0 0 0 0 0 0 0 0
500 3 0 0 1 0 0 0 0 0
504 4 0 0 1 0 0 0 0 0
510 7 0 0 2 0 0 2 0 0
511 6 1 1 0 0 0 4 1 1
512 3 0 0 1 0 0 0 0 0
519 2 0 0 1 0 0 0 0 0
541 5 0 0 2 0 0 2 0 0
544 2 0 0 1 0 0 0 0 0
551 18 1 1 6 0 0 6 0 0
554 4 0 0 0 0 0 0 0 0
557 32 1 1 8 0 0 20 0 0
560 36 0 0 8 0 0 0 0 0
561 32 0 0 0 0 0 0 0 0
562 40 1 1 12 0 0 24 0 0
565 32 0 0 8 0 0 20 0 0
567 8 0 0 0 0 0 0 0 0
572 57 1 1 3 0 0 0 0 0
573 16 0 0 0 0 0 16 1 1
577 16 0 0 0 0 0 4 0 0
580 152 0 0 12 0 0 0 0 0
581 192 1 1 64 0 0 0 0 0
582 96 0 0 64 0 0 0 0 0
584 8 0 0 0 0 0 0 0 0
587 4 0 0 1 0 0 1 0 0
588 2 1 1 1 0 0 0 0 0
589 19 1 1 9 0 0 1 0 0
591 18 0 0 0 0 0 0 0 0
592 9 0 0 6 0 0 3 0 0
594 6 0 0 3 0 0 3 0 0
595 6 0 0 0 0 0 0 0 0
602 28 0 0 9 0 0 8 0 0
603 8 0 0 0 0 0 0 0 0
605 16 0 0 0 0 0 0 0 0
608 4 0 0 3 0 0 1 0 0
611 7 0 0 6 0 0 0 0 0
fn=_dl_sysdep_start
86 38 1 1 0 0 0 0 0 0
89 8 1 1 1 0 0 5 0 0
90 1 0 0 0 0 0 1 0 0
91 3 0 0 0 0 0 1 0 0
110 1 0 0 0 0 0 0 0 0
113 1 0 0 0 0 0 1 0 0
114 196 1 1 48 3 3 4 1 1
117 2 1 1 0 0 0 1 0 0
118 1 0 0 0 0 0 1 1 1
120 121 5 5 39 4 4 21 0 0
121 108 0 0 17 3 3 0 0 0
124 3 0 0 1 0 0 1 0 0
127 2 1 1 1 0 0 1 0 0
130 2 1 1 1 0 0 1 0 0
133 2 0 0 1 0 0 1 0 0
154 2 1 1 1 0 0 1 0 0
157 2 0 0 1 0 0 1 0 0
160 4 1 1 1 0 0 2 0 0
163 2 0 0 1 0 0 1 0 0
179 2 0 0 1 0 0 1 0 0
213 3 0 0 1 0 0 0 0 0
227 4 0 0 0 0 0 3 0 0
229 5 0 0 0 0 0 2 0 0
241 3 1 1 1 0 0 0 0 0
244 8 0 0 3 0 0 5 0 0
246 7 0 0 6 0 0 0 0 0
fn=_dl_sysdep_start_cleanup
252 1 1 1 1 0 0 0 0 0
fl=/build/buildd/eglibc-2.13/elf/../misc/sbrk.c
fn=sbrk
35 7 1 1 1 0 0 4 0 0
43 6 1 1 2 0 0 0 0 0
47 2 0 0 0 0 0 0 0 0
58 6 0 0 4 0 0 0 0 0
fl=/build/buildd/eglibc-2.13/elf/../sysdeps/i386/dl-machine.h
fn=_dl_fixup
283 15 0 0 10 0 0 5 0 0
fn=_dl_relocate_object
104 17 2 2 7 0 0 0 0 0
110 6 0 0 6 0 0 0 0 0
114 9 0 0 3 1 1 0 0 0
119 3 0 0 0 0 0 3 0 0
127 9 0 0 3 0 0 0 0 0
140 9 0 0 0 0 0 3 0 0
317 212 1 1 0 0 0 106 0 0
320 212 0 0 0 0 0 0 0 0
337 318 0 0 106 0 0 0 0 0
344 5630 11 11 2038 75 75 904 0 0
345 526 0 0 208 0 0 0 0 0
347 212 0 0 0 0 0 0 0 0
348 408 0 0 102 0 0 0 0 0
353 636 1 1 318 3 3 0 0 0
371 4 0 0 0 0 0 0 0 0
372 177 1 1 88 0 0 86 0 0
390 9 0 0 0 0 0 3 0 0
439 30 2 2 10 0 0 0 0 0
441 30 0 0 10 0 0 0 0 0
442 50 0 0 30 0 0 10 0 0
453 20 0 0 20 4 4 0 0 0
467 14 0 0 0 0 0 4 0 0
610 8 0 0 0 0 0 4 0 0
640 2506 0 0 1253 1 1 0 0 0
641 1253 0 0 1253 132 132 0 0 0
660 30 0 0 30 0 0 0 0 0
661 30 0 0 15 1 1 0 0 0
663 30 0 0 0 0 0 0 0 0
665 60 0 0 30 0 0 0 0 0
666 30 0 0 30 2 2 0 0 0
fn=_dl_start
60 3 0 0 1 1 1 0 0 0
317 8 1 1 0 0 0 0 0 0
345 24 0 0 24 5 5 0 0 0
348 32 0 0 8 1 1 0 0 0
353 24 0 0 0 0 0 0 0 0
357 24 0 0 16 0 0 8 1 1
640 24 0 0 12 2 2 0 0 0
641 12 0 0 12 1 1 0 0 0
fn=_dl_sysdep_start
273 5 1 1 2 1 1 0 0 0
fl=/build/buildd/eglibc-2.13/elf/../sysdeps/i386/dl-procinfo.h
fn=_dl_load_cache_lookup
101 6 0 0 0 0 0 2 0 0
102 12 0 0 0 0 0 0 0 0
104 20 1 1 0 0 0 12 0 0
105 1 0 0 0 0 0 0 0 0
fl=/build/buildd/eglibc-2.13/elf/../sysdeps/i386/dl-trampoline.S
fn=_dl_runtime_resolve
29 5 1 1 0 0 0 5 0 0
31 5 0 0 0 0 0 5 0 0
33 5 0 0 0 0 0 5 0 0
35 5 0 0 5 0 0 0 0 0
36 5 0 0 5 0 0 0 0 0
37 5 0 0 0 0 0 5 0 0
38 5 0 0 5 0 0 0 0 0
40 5 0 0 5 0 0 0 0 0
41 5 0 0 0 0 0 5 0 0
42 5 0 0 5 0 0 0 0 0
43 5 0 0 5 0 0 0 0 0
fl=/build/buildd/eglibc-2.13/elf/../sysdeps/unix/sysv/linux/dl-osinfo.h
fn=security_init
68 1 0 0 0 0 0 1 0 0
75 2 0 0 0 0 0 0 0 0
123 4 1 1 2 0 0 2 0 0
124 1 0 0 1 0 0 0 0 0
132 2 0 0 0 0 0 0 0 0
143 1 0 0 1 0 0 0 0 0
fl=/build/buildd/eglibc-2.13/elf/../sysdeps/unix/sysv/linux/dl-sysdep.c
fn=_dl_discover_osversion
67 7 2 2 0 0 0 5 0 0
69 4 0 0 1 0 0 1 1 1
109 5 1 1 0 0 0 2 1 1
124 1 0 0 0 0 0 0 0 0
128 1 0 0 0 0 0 0 0 0
129 1 1 1 0 0 0 0 0 0
131 15 0 0 3 1 1 0 0 0
133 12 0 0 0 0 0 0 0 0
135 12 0 0 3 0 0 0 0 0
141 3 0 0 0 0 0 0 0 0
142 3 1 1 0 0 0 0 0 0
143 3 0 0 0 0 0 0 0 0
145 13 0 0 0 0 0 0 0 0
150 2 0 0 0 0 0 0 0 0
153 1 0 0 0 0 0 0 0 0
154 7 0 0 5 0 0 0 0 0
fn=_dl_sysdep_start
36 2 0 0 0 0 0 2 0 0
fl=/build/buildd/eglibc-2.13/elf/../sysdeps/unix/sysv/linux/i386/brk.c
fn=brk
36 6 2 2 1 0 0 3 1 1
41 6 0 0 0 0 0 0 0 0
43 1 0 0 0 0 0 1 0 0
45 2 0 0 0 0 0 0 0 0
51 1 0 0 0 0 0 0 0 0
52 4 0 0 3 0 0 0 0 0
fl=/build/buildd/eglibc-2.13/elf/dl-altinit.c
fn=dlinit_alt
33 4 0 0 3 0 0 0 0 0
41 3 1 1 0 0 0 2 0 0
43 2 0 0 2 0 0 0 0 0
fl=/build/buildd/eglibc-2.13/elf/dl-cache.c
fn=_dl_cache_libcmp
140 50 1 1 0 0 0 30 0 0
141 200 0 0 50 0 0 50 0 0
143 245 0 0 49 0 0 0 0 0
145 149 1 1 49 9 9 0 0 0
151 3 0 0 1 0 0 0 0 0
152 6 0 0 0 0 0 2 0 0
153 5 0 0 1 0 0 0 0 0
155 6 1 1 2 0 0 0 0 0
157 2 1 1 1 0 0 0 0 0
163 96 1 1 0 0 0 0 0 0
165 144 0 0 48 0 0 0 0 0
166 36 0 0 0 0 0 0 0 0
169 39 0 0 0 0 0 0 0 0
170 39 0 0 0 0 0 0 0 0
173 2 0 0 1 0 0 0 0 0
174 59 0 0 49 0 0 0 0 0
fn=_dl_load_cache_lookup
183 8 2 2 0 0 0 6 0 0
191 2 0 0 1 0 0 0 0 0
194 4 0 0 1 0 0 1 0 0
197 5 1 1 0 0 0 2 0 0
205 6 1 1 1 0 0 1 0 0
206 8 0 0 1 0 0 4 0 0
210 2 1 1 1 0 0 1 0 0
213 3 0 0 1 0 0 0 0 0
216 3 0 0 1 0 0 1 0 0
217 3 0 0 1 0 0 0 0 0
218 7 1 1 0 0 0 4 0 0
236 3 0 0 1 0 0 0 0 0
245 4 1 1 1 0 0 1 0 0
254 5 1 1 3 0 0 1 0 0
256 1 0 0 1 0 0 0 0 0
258 10 0 0 0 0 0 2 0 0
260 5 0 0 0 0 0 4 0 0
264 10 0 0 5 0 0 2 0 0
265 1 0 0 0 0 0 0 0 0
279 236 10 10 68 9 9 16 0 0
295 4 0 0 1 0 0 0 0 0
300 7 0 0 5 0 0 0 0 0
fn=_dl_unload_cache
309 4 1 1 0 0 0 2 0 0
310 4 0 0 1 0 0 0 0 0
312 4 0 0 1 0 0 3 0 0
313 1 1 1 0 0 0 1 0 0
315 3 0 0 2 0 0 0 0 0
fl=/build/buildd/eglibc-2.13/elf/dl-debug.c
fn=_dl_debug_initialize
49 32 2 2 0 0 0 16 1 1
52 8 0 0 0 0 0 0 0 0
53 4 0 0 4 0 0 0 0 0
57 25 0 0 3 0 0 0 0 0
60 1 0 0 0 0 0 1 0 0
61 4 0 0 0 0 0 1 0 0
62 3 0 0 1 0 0 1 0 0
63 2 0 0 0 0 0 1 0 0
67 20 2 2 16 0 0 0 0 0
fn=_dl_debug_state
77 2 0 0 2 0 0 0 0 0
fl=/build/buildd/eglibc-2.13/elf/dl-deps.c
fn=_dl_map_object_deps
146 14 1 1 7 0 0 1 0 0
149 10 1 1 0 0 0 7 0 0
150 6 0 0 0 0 0 1 0 0
164 2 0 0 0 0 0 2 0 0
165 3 0 0 1 0 0 2 0 0
166 3 0 0 0 0 0 2 0 0
168 1 0 0 0 0 0 1 0 0
172 9 3 3 3 0 0 2 0 0
182 16 0 0 3 0 0 2 0 0
183 1 0 0 1 0 0 0 0 0
186 3 0 0 0 0 0 2 0 0
201 2 0 0 1 0 0 1 0 0
202 1 0 0 0 0 0 1 0 0
203 1 0 0 0 0 0 1 0 0
204 2 0 0 0 0 0 2 0 0
208 8 0 0 8 0 0 0 0 0
209 6 1 1 0 0 0 5 0 0
210 2 0 0 0 0 0 2 0 0
213 4 0 0 0 0 0 4 0 0
217 12 0 0 4 0 0 0 0 0
218 26 1 1 10 0 0 0 0 0
219 16 1 1 0 0 0 2 0 0
222 24 0 0 8 0 0 0 0 0
224 6 0 0 4 0 0 2 0 0
229 2 0 0 0 0 0 2 0 0
230 2 0 0 0 0 0 2 0 0
231 4 0 0 2 0 0 2 0 0
232 4 0 0 2 0 0 2 0 0
235 192 1 1 50 0 0 4 0 0
236 88 1 1 0 0 0 0 0 0
242 18 1 1 6 0 0 8 0 0
244 2 0 0 0 0 0 2 0 0
247 14 0 0 2 0 0 4 0 0
248 4 0 0 0 0 0 2 0 0
249 6 0 0 2 0 0 0 0 0
264 2 0 0 2 0 0 0 0 0
266 4 1 1 2 0 0 0 0 0
271 6 0 0 0 0 0 0 0 0
274 2 0 0 0 0 0 2 0 0
275 2 0 0 0 0 0 2 0 0
276 2 0 0 0 0 0 2 0 0
277 4 0 0 2 0 0 2 0 0
279 2 0 0 2 0 0 0 0 0
281 12 1 1 2 0 0 4 0 0
285 6 0 0 2 0 0 0 0 0
286 5 0 0 2 0 0 2 0 0
288 168 2 2 0 0 0 0 0 0
338 2 1 1 0 0 0 1 0 0
466 12 0 0 4 0 0 0 0 0
468 8 0 0 4 0 0 2 0 0
470 8 0 0 0 0 0 6 0 0
471 2 1 1 0 0 0 0 0 0
472 6 0 0 2 0 0 0 0 0
475 2 0 0 0 0 0 2 1 1
476 16 0 0 2 0 0 10 0 0
477 14 0 0 4 0 0 8 0 0
480 2 0 0 0 0 0 2 0 0
484 24 1 1 8 0 0 0 0 0
486 4 0 0 4 0 0 0 0 0
487 26 0 0 4 0 0 3 0 0
491 5 0 0 1 0 0 0 0 0
492 2 0 0 1 0 0 1 0 0
495 5 1 1 2 0 0 1 0 0
505 3 0 0 0 0 0 3 0 0
506 2 0 0 1 0 0 0 0 0
508 2 0 0 0 0 0 0 0 0
513 5 1 1 3 0 0 1 0 0
514 5 0 0 2 0 0 2 0 0
516 12 0 0 4 0 0 0 0 0
518 16 0 0 8 0 0 0 0 0
522 16 0 0 8 0 0 4 0 0
526 4 1 1 4 0 0 0 0 0
529 3 0 0 1 0 0 1 0 0
580 6 0 0 3 0 0 1 0 0
582 4 1 1 2 0 0 0 0 0
618 8 1 1 2 0 0 5 0 0
620 4 0 0 1 0 0 1 0 0
624 2 0 0 0 0 0 2 0 0
625 7 1 1 1 0 0 1 0 0
626 8 1 1 2 0 0 5 0 0
630 9 0 0 6 0 0 3 0 0
631 12 0 0 6 0 0 3 0 0
637 15 0 0 9 0 0 0 0 0
639 6 0 0 6 0 0 0 0 0
640 8 0 0 0 0 0 0 0 0
642 9 0 0 3 0 0 0 0 0
643 6 0 0 0 0 0 0 0 0
664 6 0 0 0 0 0 0 0 0
667 12 0 0 6 0 0 3 0 0
670 25 1 1 11 0 0 10 0 0
677 3 0 0 2 0 0 1 0 0
679 2 0 0 1 0 0 1 0 0
687 3 0 0 1 0 0 0 0 0
690 3 0 0 1 0 0 0 0 0
693 6 1 1 5 0 0 0 0 0
fn=openaux
62 10 1 1 2 0 0 6 0 0
65 28 0 0 8 0 0 10 0 0
67 4 0 0 2 0 0 0 0 0
69 2 0 0 2 0 0 0 0 0
70 10 0 0 8 0 0 0 0 0
fl=/build/buildd/eglibc-2.13/elf/dl-environ.c
fn=_dl_next_ld_env_entry
30 3 1 1 0 0 0 3 0 0
31 3 0 0 3 0 0 0 0 0
32 3 0 0 0 0 0 0 0 0
34 145 0 0 47 0 0 0 0 0
36 92 1 1 46 22 22 0 0 0
37 20 0 0 10 0 0 0 0 0
39 2 0 0 0 0 0 0 0 0
42 4 0 0 0 0 0 2 0 0
44 2 0 0 0 0 0 0 0 0
47 44 0 0 0 0 0 0 0 0
51 9 0 0 6 0 0 0 0 0
fl=/build/buildd/eglibc-2.13/elf/dl-error.c
fn=_dl_catch_error
160 24 2 2 0 0 0 18 0 0
169 3 0 0 0 0 0 3 0 0
171 6 0 0 3 0 0 6 0 0
172 6 0 0 3 0 0 3 0 0
174 15 1 1 0 0 0 9 0 0
175 6 0 0 0 0 0 0 0 0
177 9 0 0 3 0 0 3 0 0
178 9 0 0 6 0 0 6 0 0
179 9 0 0 6 0 0 3 0 0
180 6 0 0 3 0 0 3 0 0
181 6 1 1 3 0 0 3 0 0
182 6 0 0 3 0 0 3 0 0
192 15 0 0 9 0 0 0 0 0
fn=_dl_receive_error
198 10 1 1 0 0 0 5 0 0
199 1 0 0 1 0 0 1 0 0
203 1 0 0 1 0 0 0 0 0
204 1 0 0 1 0 0 0 0 0
207 1 0 0 0 0 0 1 0 0
208 1 1 1 0 0 0 1 0 0
210 5 0 0 0 0 0 5 0 0
212 3 0 0 2 0 0 1 0 0
213 2 0 0 1 0 0 1 0 0
214 6 1 1 5 0 0 0 0 0
fl=/build/buildd/eglibc-2.13/elf/dl-fini.c
fn=_dl_fini
122 10 1 1 1 0 0 4 0 0
123 10 1 1 0 0 0 6 0 0
135 1 0 0 0 0 0 1 0 0
136 1 0 0 0 0 0 1 0 0
142 1 1 1 0 0 0 1 0 0
145 8 0 0 4 0 0 1 0 0
148 4 1 1 3 0 0 2 0 0
151 2 0 0 2 0 0 0 0 0
154 2 0 0 0 0 0 0 0 0
156 6 0 0 3 0 0 0 0 0
167 3 0 0 1 0 0 0 0 0
169 3 0 0 1 0 0 0 0 0
172 7 1 1 0 0 0 2 0 0
183 20 0 0 5 0 0 2 0 0
185 8 0 0 4 0 0 0 0 0
187 8 0 0 0 0 0 0 0 0
189 4 0 0 0 0 0 4 0 0
190 4 1 1 0 0 0 4 0 0
191 4 0 0 0 0 0 0 0 0
195 4 0 0 4 0 0 0 0 0
197 2 0 0 1 0 0 0 0 0
202 7 1 1 3 0 0 3 0 0
211 3 0 0 2 0 0 2 0 0
215 17 0 0 5 0 0 0 0 0
217 8 0 0 8 0 0 0 0 0
219 12 0 0 4 0 0 0 0 0
222 8 0 0 0 0 0 4 0 0
225 12 0 0 4 0 0 0 0 0
226 12 1 1 4 0 0 0 0 0
229 4 1 1 2 0 0 0 0 0
231 3 0 0 0 0 0 1 0 0
236 4 1 1 0 0 0 0 0 0
248 6 1 1 2 0 0 0 0 0
249 6 0 0 4 0 0 2 0 0
254 28 0 0 8 0 0 0 0 0
270 4 0 0 4 0 0 0 0 0
275 6 0 0 2 0 0 0 0 0
281 2 1 1 1 0 0 0 0 0
288 6 0 0 5 0 0 0 0 0
fn=_dl_sort_fini
33 8 0 0 4 0 0 0 0 0
35 10 0 0 0 0 0 7 0 0
37 2 1 1 0 0 0 0 0 0
42 5 0 0 1 0 0 1 0 0
43 7 0 0 0 0 0 1 0 0
44 9 1 1 3 0 0 5 0 0
48 9 1 1 6 0 0 3 0 0
49 15 0 0 6 0 0 6 0 0
53 15 0 0 6 0 0 0 0 0
59 10 1 1 4 0 0 4 0 0
60 15 1 1 9 0 0 0 0 0
62 6 0 0 6 0 0 0 0 0
63 8 0 0 0 0 0 0 0 0
65 9 0 0 3 0 0 0 0 0
66 6 0 0 0 0 0 0 0 0
85 1 0 0 0 0 0 1 0 0
95 9 0 0 3 0 0 0 0 0
106 6 0 0 3 0 0 0 0 0
110 15 0 0 6 0 0 3 0 0
113 23 0 0 10 0 0 10 0 0
117 6 0 0 5 0 0 0 0 0
fl=/build/buildd/eglibc-2.13/elf/dl-init.c
fn=_dl_init
93 10 2 2 0 0 0 7 0 0
94 1 0 0 1 0 0 0 0 0
95 1 0 0 1 0 0 0 0 0
98 3 0 0 1 0 0 0 0 0
100 7 2 2 3 0 0 4 0 0
101 3 0 0 1 0 0 1 0 0
105 2 0 0 0 0 0 0 0 0
132 1 0 0 1 0 0 0 0 0
133 12 0 0 0 0 0 0 0 0
134 36 1 1 20 0 0 12 0 0
140 6 0 0 5 0 0 0 0 0
fn=call_init
36 50 0 0 10 0 0 25 0 0
37 15 1 1 5 0 0 0 0 0
43 12 0 0 0 0 0 8 0 0
46 20 0 0 8 0 0 4 0 0
47 3 0 0 1 0 0 0 0 0
51 9 0 0 3 0 0 0 0 0
52 2 0 0 1 0 0 0 0 0
56 4 0 0 2 0 0 0 0 0
64 4 1 1 0 0 0 0 0 0
66 4 0 0 4 0 0 0 0 0
70 12 0 0 2 0 0 10 0 0
74 2 0 0 2 0 0 0 0 0
75 4 0 0 0 0 0 0 0 0
81 3 0 0 2 0 0 0 0 0
83 4 0 0 3 0 0 1 0 0
84 19 1 1 1 0 0 3 0 0
85 21 0 0 12 0 0 12 0 0
87 30 1 1 25 0 0 0 0 0
fl=/build/buildd/eglibc-2.13/elf/dl-load.c
fn=_dl_init_paths
631 4 0 0 0 0 0 1 0 0
632 9 1 1 0 0 0 6 0 0
647 8 1 1 2 0 0 3 0 0
651 1 0 0 0 0 0 1 0 0
652 3 0 0 0 0 0 3 0 0
653 2 0 0 0 0 0 0 0 0
660 5 1 1 0 0 0 0 0 0
661 2 0 0 1 0 0 0 0 0
664 2 0 0 1 0 0 1 1 1
665 3 0 0 0 0 0 2 0 0
667 2 0 0 0 0 0 0 0 0
673 1 0 0 0 0 0 1 0 0
674 1 0 0 0 0 0 1 0 0
682 20 0 0 6 0 0 10 0 0
684 9 0 0 3 0 0 5 2 2
685 4 1 1 0 0 0 4 0 0
687 8 0 0 3 0 0 4 0 0
688 7 0 0 3 1 1 4 0 0
689 20 1 1 6 0 0 7 0 0
692 18 0 0 9 1 1 3 0 0
693 216 0 0 8 0 0 4 0 0
694 64 1 1 0 0 0 64 4 4
696 15 0 0 0 0 0 5 0 0
702 1 1 1 0 0 0 1 1 1
703 2 0 0 1 0 0 1 0 0
707 1 0 0 1 0 0 0 0 0
708 2 0 0 0 0 0 0 0 0
710 4 0 0 1 0 0 0 0 0
712 3 0 0 1 0 0 0 0 0
726 1 0 0 0 0 0 1 0 0
728 3 1 1 1 0 0 0 0 0
739 2 1 1 0 0 0 1 0 0
744 6 1 1 3 0 0 0 0 0
752 5 1 1 0 0 0 3 0 0
754 15 1 1 2 0 0 6 0 0
771 50 0 0 17 0 0 0 0 0
773 14 0 0 0 0 0 0 0 0
774 28 0 0 0 0 0 0 0 0
775 14 0 0 0 0 0 0 0 0
778 1 1 1 0 0 0 1 0 0
779 2 0 0 0 0 0 2 0 0
780 2 0 0 0 0 0 0 0 0
786 10 0 0 1 0 0 5 0 0
790 4 0 0 2 0 0 0 0 0
796 1 0 0 0 0 0 1 0 0
800 6 0 0 5 0 0 0 0 0
fn=_dl_map_object
1975 30 1 1 0 0 0 18 3 3
1982 9 0 0 3 0 0 0 0 0
1983 9 0 0 6 1 1 0 0 0
1986 36 1 1 12 0 0 3 0 0
1991 21 0 0 7 0 0 0 0 0
1992 14 1 1 0 0 0 0 0 0
1994 35 0 0 0 0 0 7 0 0
1998 12 0 0 6 0 0 0 0 0
1999 18 1 1 6 0 0 0 0 0
2002 2 0 0 2 0 0 0 0 0
2003 4 0 0 4 0 0 0 0 0
2004 14 0 0 2 0 0 8 0 0
2017 8 1 1 2 0 0 2 0 0
2018 2 0 0 0 0 0 0 0 0
2026 6 0 0 2 0 0 0 0 0
2050 2 0 0 0 0 0 2 0 0
2052 10 1 1 0 0 0 6 0 0
2056 4 1 1 0 0 0 3 0 0
2058 2 0 0 1 0 0 0 0 0
2065 5 1 1 1 0 0 0 0 0
2069 2 2 2 1 0 0 1 0 0
2074 8 0 0 2 0 0 1 0 0
2075 8 1 1 0 0 0 3 0 0
2077 4 0 0 0 0 0 2 0 0
2089 4 1 1 3 0 0 0 0 0
2090 8 0 0 3 0 0 0 0 0
2091 10 1 1 0 0 0 3 0 0
2100 2 0 0 1 0 0 0 0 0
2101 20 1 1 4 0 0 8 0 0
2107 4 1 1 1 0 0 0 0 0
2108 9 0 0 0 0 0 3 0 0
2115 4 1 1 1 0 0 1 0 0
2120 3 0 0 0 0 0 1 0 0
2122 2 0 0 0 0 0 0 0 0
2126 3 0 0 2 0 0 0 0 0
2133 2 0 0 1 0 0 0 0 0
2160 13 1 1 1 0 0 6 0 0
2163 3 1 1 1 0 0 0 0 0
2165 4 0 0 0 0 0 3 0 0
2166 3 0 0 1 0 0 0 0 0
2185 2 1 1 1 0 0 0 0 0
2191 1 1 1 0 0 0 1 0 0
2193 6 0 0 1 0 0 2 0 0
2194 2 0 0 0 0 0 0 0 0
2195 1 0 0 0 0 0 0 0 0
2198 11 0 0 1 0 0 5 0 0
2201 2 1 1 0 0 0 0 0 0
2213 6 0 0 2 0 0 0 0 0
2215 4 0 0 0 0 0 0 0 0
2259 4 1 1 2 0 0 2 0 0
2260 32 0 0 8 0 0 16 0 0
2262 21 0 0 15 0 0 0 0 0
fn=_dl_map_object_from_fd
831 4 1 1 0 0 0 0 0 0
834 20 2 2 0 0 0 14 1 1
845 8 0 0 2 0 0 4 1 1
846 2 0 0 0 0 0 2 0 0
849 16 0 0 2 0 0 8 0 0
860 27 1 1 9 0 0 2 0 0
861 54 1 1 23 2 2 4 0 0
878 6 1 1 2 0 0 0 0 0
903 4 0 0 2 0 0 0 0 0
912 4 1 1 2 0 0 0 0 0
933 8 0 0 4 0 0 0 0 0
964 4 0 0 0 0 0 0 0 0
967 24 1 1 12 0 0 8 0 0
968 4 0 0 0 0 0 0 0 0
979 6 0 0 4 0 0 2 0 0
980 8 0 0 4 0 0 4 0 0
981 6 0 0 4 0 0 2 0 0
983 2 0 0 0 0 0 0 0 0
984 8 1 1 4 0 0 0 0 0
985 4 0 0 0 0 0 2 0 0
990 2 0 0 0 0 0 2 0 0
1009 18 1 1 2 0 0 4 0 0
1017 120 1 1 42 0 0 6 0 0
1018 125 1 1 17 0 0 0 0 0
1024 4 0 0 2 0 0 2 0 0
1025 8 0 0 2 0 0 2 0 0
1029 2 0 0 1 0 0 1 0 0
1030 1 0 0 0 0 0 0 0 0
1035 28 1 1 8 0 0 8 0 0
1041 28 1 1 12 0 0 4 0 0
1042 4 0 0 0 0 0 0 0 0
1049 20 0 0 12 0 0 0 0 0
1050 24 1 1 4 0 0 12 1 1
1051 16 0 0 8 0 0 4 0 0
1052 8 0 0 4 0 0 4 0 0
1054 8 0 0 4 0 0 4 0 0
1055 12 0 0 8 0 0 4 0 0
1059 8 0 0 4 0 0 0 0 0
1060 12 0 0 6 0 0 2 0 0
1065 28 1 1 4 0 0 4 0 0
1075 4 0 0 0 0 0 0 0 0
1078 3 0 0 1 0 0 0 0 0
1082 1 1 1 0 0 0 1 0 0
1083 2 0 0 1 0 0 1 0 0
1084 2 0 0 0 0 0 0 0 0
1087 5 0 0 1 0 0 1 0 0
1088 2 0 0 1 0 0 1 0 0
1091 1 0 0 0 0 0 1 0 0
1095 4 1 1 1 0 0 0 0 0
1101 4 0 0 1 0 0 3 1 1
1102 1 0 0 0 0 0 0 0 0
1113 6 0 0 0 0 0 2 0 0
1156 4 1 1 2 0 0 2 0 0
1157 2 0 0 0 0 0 0 0 0
1160 4 0 0 2 0 0 2 1 1
1161 4 0 0 2 0 0 2 0 0
1162 2 0 0 0 0 0 0 0 0
1165 6 1 1 2 0 0 0 0 0
1175 2 0 0 2 0 0 0 0 0
1178 16 1 1 6 0 0 4 0 0
1180 4 0 0 2 0 0 0 0 0
1194 2 1 1 2 0 0 0 0 0
1199 26 0 0 10 0 0 16 1 1
1203 4 0 0 0 0 0 0 0 0
1210 6 0 0 2 0 0 2 0 0
1211 6 0 0 4 0 0 2 0 0
1213 4 0 0 2 0 0 0 0 0
1223 2 1 1 2 0 0 0 0 0
1246 26 0 0 10 0 0 0 0 0
1248 8 0 0 4 0 0 0 0 0
1250 28 1 1 8 0 0 14 0 0
1258 16 0 0 4 0 0 4 0 0
1259 6 0 0 4 0 0 2 0 0
1261 12 0 0 4 0 0 0 0 0
1262 5 1 1 3 0 0 0 0 0
1263 9 1 1 5 0 0 2 0 0
1264 5 0 0 2 0 0 1 0 0
1266 4 1 1 1 0 0 1 0 0
1268 16 0 0 8 0 0 0 0 0
1274 4 0 0 2 0 0 2 0 0
1275 4 1 1 2 0 0 2 0 0
1276 16 0 0 8 0 0 2 0 0
1277 4 0 0 0 0 0 2 0 0
1284 4 1 1 2 0 0 0 0 0
1287 4 0 0 2 0 0 0 0 0
1298 16 0 0 4 0 0 10 0 0
1299 8 0 0 4 0 0 0 0 0
1304 4 0 0 2 0 0 0 0 0
1308 10 0 0 2 0 0 7 0 0
1311 2 1 1 0 0 0 0 0 0
1319 4 1 1 0 0 0 0 0 0
1323 6 1 1 2 0 0 0 0 0
1332 8 0 0 2 0 0 4 0 0
1338 8 1 1 2 0 0 0 0 0
1354 6 0 0 2 0 0 0 0 0
1373 4 0 0 2 0 0 2 0 0
1375 10 0 0 4 0 0 0 0 0
1430 6 0 0 2 0 0 0 0 0
1431 2 0 0 1 0 0 1 0 0
1434 10 1 1 2 0 0 4 0 0
1442 4 0 0 2 0 0 0 0 0
1445 8 0 0 4 0 0 2 0 0
1447 4 1 1 2 0 0 0 0 0
1463 4 0 0 0 0 0 2 0 0
1467 4 0 0 2 0 0 0 0 0
1468 6 1 1 2 0 0 0 0 0
1486 8 0 0 4 0 0 2 0 0
1489 8 0 0 4 0 0 4 0 0
1490 8 1 1 4 0 0 4 0 0
1494 6 0 0 2 0 0 0 0 0
1500 6 0 0 2 0 0 2 0 0
1504 6 0 0 2 0 0 0 0 0
1524 14 1 1 10 0 0 0 0 0
fn=cache_rpath
608 15 1 1 0 0 0 6 0 0
609 9 0 0 3 0 0 0 0 0
610 3 0 0 0 0 0 0 0 0
626 12 1 1 9 0 0 0 0 0
fn=expand_dynamic_string_token
316 10 1 1 1 0 0 6 1 1
326 5 0 0 0 0 0 3 0 0
330 2 1 1 0 0 0 0 0 0
341 5 0 0 4 0 0 0 0 0
fn=fillin_rpath
386 9 1 1 0 0 0 7 0 0
388 2 0 0 0 0 0 1 0 0
390 16 1 1 2 0 0 6 0 0
393 3 0 0 0 0 0 2 0 0
397 2 0 0 0 0 0 0 0 0
404 4 0 0 1 0 0 0 0 0
409 2 1 1 0 0 0 1 0 0
412 3 0 0 1 0 0 0 0 0
441 18 0 0 5 0 0 1 0 0
442 8 0 0 4 0 0 0 0 0
460 4 1 1 1 0 0 1 0 0
463 5 0 0 0 0 0 4 0 0
464 3 1 1 2 0 0 0 0 0
465 1 0 0 0 0 0 0 0 0
466 4 0 0 2 0 0 0 0 0
470 1 0 0 0 0 0 1 1 1
471 1 0 0 0 0 0 0 0 0
472 6 1 1 0 0 0 6 0 0
473 1 0 0 0 0 0 1 0 0
475 3 0 0 2 0 0 0 0 0
481 4 0 0 1 0 0 0 0 0
482 52 1 1 0 0 0 0 0 0
483 16 0 0 0 0 0 16 0 0
485 2 0 0 1 0 0 1 0 0
486 3 0 0 1 0 0 0 0 0
491 2 2 2 0 0 0 1 0 0
493 2 0 0 1 0 0 1 0 0
494 1 1 1 0 0 0 1 0 0
497 6 0 0 2 0 0 2 0 0
502 3 0 0 2 0 0 1 0 0
505 6 0 0 5 0 0 0 0 0
fn=local_strdup
160 14 1 1 0 0 0 8 0 0
161 6 1 1 0 0 0 4 0 0
162 6 0 0 0 0 0 4 0 0
164 4 0 0 0 0 0 0 0 0
165 2 0 0 0 0 0 0 0 0
167 8 0 0 0 0 0 8 0 0
168 10 0 0 8 0 0 0 0 0
fn=open_path
1826 10 1 1 0 0 0 7 0 0
1827 3 0 0 2 0 0 1 0 0
1830 1 0 0 0 0 0 1 0 0
1831 1 0 0 0 0 0 1 0 0
1833 2 1 1 0 0 0 0 0 0
1838 13 1 1 4 0 0 2 0 0
1850 3 0 0 2 0 0 0 0 0
1857 8 1 1 3 0 0 5 0 0
1858 86 0 0 33 0 0 2 0 0
1861 32 1 1 16 0 0 0 0 0
1865 256 1 1 112 0 0 128 0 0
1868 16 0 0 16 0 0 0 0 0
1871 48 0 0 32 0 0 0 0 0
1872 3 0 0 0 0 0 1 0 0
1874 192 1 1 80 0 0 96 0 0
1876 64 0 0 32 0 0 0 0 0
1878 32 0 0 0 0 0 0 0 0
1883 48 1 1 16 0 0 0 0 0
1884 96 0 0 64 0 0 0 0 0
1890 64 0 0 32 0 0 16 0 0
1892 128 1 1 16 0 0 64 0 0
1893 4 0 0 1 0 0 0 0 0
1895 30 0 0 0 0 0 15 0 0
1897 3 1 1 0 0 0 1 0 0
1902 32 0 0 16 0 0 0 0 0
1943 6 1 1 2 0 0 0 0 0
1948 2 1 1 2 0 0 0 0 0
1950 5 0 0 3 0 0 0 0 0
1953 3 0 0 1 0 0 0 0 0
1966 1 0 0 0 0 0 0 0 0
1967 7 0 0 5 0 0 0 0 0
fn=open_verify
1572 216 2 2 18 0 0 144 0 0
1608 105 0 0 35 0 0 0 0 0
1629 90 2 2 18 0 0 72 0 0
1630 36 0 0 0 0 0 0 0 0
1640 2 0 0 0 0 0 2 0 0
1641 18 0 0 4 0 0 10 0 0
1648 4 0 0 0 0 0 0 0 0
1664 22 1 1 0 0 0 8 0 0
1666 4 0 0 4 0 0 0 0 0
1668 14 1 1 2 0 0 8 0 0
1724 6 0 0 4 1 1 0 0 0
1729 4 0 0 2 0 0 0 0 0
1731 6 0 0 2 0 0 0 0 0
1737 6 1 1 4 0 0 0 0 0
1744 6 0 0 2 0 0 0 0 0
1745 8 0 0 2 0 0 0 0 0
1746 6 0 0 2 0 0 2 0 0
1761 82 0 0 18 0 0 0 0 0
1762 36 1 1 17 3 3 0 0 0
1766 10 0 0 6 0 0 0 0 0
1767 12 1 1 0 0 0 4 0 0
1776 21 1 1 3 0 0 12 0 0
1779 2 0 0 0 0 0 0 0 0
1780 6 0 0 2 0 0 0 0 0
1781 6 0 0 2 0 0 0 0 0
1783 6 0 0 0 0 0 0 0 0
1788 1 0 0 0 0 0 0 0 0
1789 1 0 0 0 0 0 0 0 0
1792 4 0 0 1 0 0 0 0 0
1795 3 0 0 1 0 0 0 0 0
1796 5 0 0 1 0 0 0 0 0
1797 2 0 0 1 0 0 0 0 0
1798 3 0 0 1 0 0 0 0 0
1799 5 0 0 1 0 0 0 0 0
1812 130 2 2 111 0 0 0 0 0
fl=/build/buildd/eglibc-2.13/elf/dl-lookup.c
fn=_dl_lookup_symbol_x
466 94 0 0 0 0 0 0 0 0
467 5418 0 0 1331 90 90 0 0 0
468 6185 0 0 0 0 0 0 0 0
706 1034 2 2 0 0 0 752 3 3
708 94 1 1 0 0 0 94 0 0
709 188 0 0 0 0 0 188 0 0
712 94 0 0 94 0 0 0 0 0
716 456 0 0 181 0 0 0 0 0
720 94 0 0 0 0 0 94 0 0
721 282 0 0 94 0 0 0 0 0
723 188 0 0 188 0 0 0 0 0
727 862 2 2 474 0 0 94 0 0
729 1974 1 1 752 0 0 1034 0 0
732 188 0 0 0 0 0 0 0 0
735 16 0 0 0 0 0 0 0 0
760 188 0 0 0 0 0 0 0 0
762 32 1 1 12 0 0 0 0 0
779 8 1 1 4 0 0 4 0 0
780 8 0 0 0 0 0 0 0 0
783 360 0 0 180 0 0 0 0 0
784 540 0 0 180 0 0 90 0 0
819 360 0 0 90 0 0 0 0 0
833 270 1 1 90 0 0 0 0 0
834 2 1 1 0 0 0 1 0 0
836 360 0 0 180 0 0 0 0 0
841 180 0 0 90 0 0 90 0 0
843 658 0 0 470 0 0 0 0 0
fn=_dl_setup_hash
851 28 1 1 0 0 0 20 1 1
855 12 0 0 4 0 0 0 0 0
859 4 0 0 4 0 0 0 0 0
863 8 0 0 4 4 4 4 0 0
864 4 0 0 4 0 0 0 0 0
865 4 0 0 4 2 2 0 0 0
867 12 0 0 0 0 0 0 0 0
868 4 1 1 0 0 0 4 0 0
869 12 0 0 4 1 1 4 0 0
871 4 0 0 0 0 0 4 0 0
872 4 0 0 0 0 0 0 0 0
874 4 0 0 0 0 0 4 0 0
875 4 0 0 0 0 0 0 0 0
876 12 0 0 0 0 0 4 0 0
889 24 1 1 20 0 0 0 0 0
fn=check_match.8359
133 810 1 1 0 0 0 450 1 1
134 180 0 0 90 8 8 0 0 0
136 630 2 2 180 0 0 0 0 0
138 270 0 0 90 0 0 0 0 0
148 270 0 0 180 0 0 90 2 2
151 316 0 0 141 0 0 51 0 0
155 180 0 0 180 0 0 0 0 0
156 270 1 1 90 0 0 0 0 0
158 174 0 0 0 0 0 0 0 0
177 174 0 0 174 2 2 0 0 0
178 609 0 0 261 0 0 0 0 0
179 783 1 1 261 0 0 348 0 0
206 6 0 0 0 0 0 0 0 0
208 18 0 0 6 0 0 0 0 0
209 12 0 0 3 0 0 0 0 0
212 4 0 0 0 0 0 0 0 0
213 10 0 0 2 0 0 2 0 0
215 2 0 0 0 0 0 2 0 0
217 4 0 0 0 0 0 0 0 0
224 630 1 1 450 0 0 0 0 0
fn=do_lookup_x
78 846 2 2 376 0 0 470 0 0
83 940 1 1 188 0 0 564 4 4
84 94 0 0 94 0 0 0 0 0
89 94 0 0 0 0 0 94 0 0
90 94 0 0 94 0 0 0 0 0
96 291 0 0 0 0 0 291 0 0
97 291 0 0 0 0 0 291 0 0
99 1164 0 0 873 0 0 291 0 0
102 582 1 1 291 0 0 0 0 0
106 582 0 0 291 0 0 0 0 0
110 582 0 0 291 0 0 0 0 0
114 582 0 0 291 0 0 0 0 0
115 282 0 0 0 0 0 188 0 0
121 1164 1 1 291 0 0 291 0 0
125 873 0 0 582 0 0 291 0 0
126 873 0 0 582 0 0 291 0 0
227 291 0 0 291 0 0 0 0 0
228 582 0 0 0 0 0 0 0 0
230 291 0 0 291 31 31 0 0 0
231 282 0 0 94 0 0 94 0 0
232 582 0 0 582 0 0 0 0 0
235 1164 1 1 582 0 0 0 0 0
238 1164 0 0 291 0 0 0 0 0
239 873 0 0 0 0 0 0 0 0
241 192 0 0 192 46 46 0 0 0
242 288 1 1 192 0 0 0 0 0
243 192 0 0 0 0 0 0 0 0
245 192 0 0 96 0 0 0 0 0
248 772 1 1 386 63 63 0 0 0
250 540 0 0 180 0 0 90 0 0
251 648 0 0 186 0 0 90 0 0
252 356 0 0 0 0 0 88 0 0
255 420 0 0 105 0 0 0 0 0
259 203 0 0 0 0 0 203 0 0
283 408 0 0 205 0 0 0 0 0
285 4 0 0 0 0 0 0 0 0
288 766 1 1 90 0 0 90 0 0
292 33 1 1 11 0 0 0 0 0
305 270 0 0 180 0 0 90 0 0
306 180 0 0 90 0 0 90 0 0
307 90 0 0 0 0 0 0 0 0
410 16 1 1 0 0 0 8 0 0
452 1749 1 1 583 0 0 0 0 0
453 105 0 0 21 0 0 21 0 0
456 603 0 0 201 0 0 0 0 0
459 4 0 0 0 0 0 0 0 0
460 564 0 0 470 0 0 0 0 0
fl=/build/buildd/eglibc-2.13/elf/dl-minimal.c
fn=__libc_memalign
53 168 2 2 42 0 0 84 3 3
54 84 0 0 42 0 0 0 0 0
59 3 0 0 0 0 0 1 0 0
60 3 1 1 1 0 0 0 0 0
61 1 0 0 0 0 0 0 0 0
65 63 0 0 0 0 0 21 0 0
66 21 0 0 0 0 0 0 0 0
68 139 1 1 0 0 0 0 0 0
72 8 0 0 2 0 0 0 0 0
73 4 0 0 0 0 0 0 0 0
79 14 0 0 0 0 0 14 0 0
81 4 0 0 0 0 0 0 0 0
83 6 0 0 4 0 0 0 0 0
85 6 0 0 0 0 0 2 0 0
88 21 1 1 0 0 0 21 0 0
89 21 0 0 0 0 0 21 0 0
91 126 0 0 84 0 0 0 0 0
fn=calloc
104 64 2 2 16 0 0 32 0 0
108 16 0 0 0 0 0 0 0 0
111 32 0 0 0 0 0 0 0 0
115 16 0 0 0 0 0 16 0 0
116 40 1 1 32 0 0 0 0 0
fn=malloc
95 80 0 0 0 0 0 40 1 1
96 80 0 0 20 0 0 60 0 0
97 60 0 0 40 0 0 0 0 0
fn=strsep
320 32 1 1 4 0 0 20 0 0
323 16 0 0 4 0 0 0 0 0
325 12 0 0 8 0 0 4 0 0
326 8 0 0 0 0 0 0 0 0
330 368 1 1 61 0 0 0 0 0
335 236 0 0 0 0 0 0 0 0
337 472 0 0 118 0 0 0 0 0
345 59 0 0 0 0 0 0 0 0
348 4 0 0 2 0 0 2 0 0
352 28 1 1 24 0 0 0 0 0
fl=/build/buildd/eglibc-2.13/elf/dl-misc.c
fn=_dl_name_match_p
301 280 1 1 0 0 0 140 1 1
302 210 1 1 35 0 0 105 0 0
303 35 0 0 0 0 0 0 0 0
305 35 0 0 35 0 0 0 0 0
307 142 0 0 0 0 0 0 0 0
308 234 0 0 39 0 0 117 0 0
309 3 0 0 0 0 0 0 0 0
311 36 0 0 36 0 0 0 0 0
313 67 0 0 0 0 0 0 0 0
314 210 1 1 140 0 0 0 0 0
fn=_dl_sysdep_read_whole_file
44 9 2 2 0 0 0 5 0 0
45 1 0 0 0 0 0 1 0 0
47 4 0 0 0 0 0 3 0 0
48 2 0 0 0 0 0 0 0 0
50 7 1 1 0 0 0 4 0 0
52 2 0 0 1 0 0 1 0 0
55 2 0 0 0 0 0 0 0 0
57 9 1 1 0 0 0 8 0 0
68 2 0 0 0 0 0 2 0 0
71 7 0 0 6 0 0 0 0 0
fl=/build/buildd/eglibc-2.13/elf/dl-object.c
fn=_dl_add_to_namespace_list
33 27 2 2 0 0 0 15 0 0
35 9 0 0 3 0 0 6 0 0
37 16 0 0 3 0 0 0 0 0
40 18 0 0 5 0 0 0 0 0
42 2 0 0 0 0 0 2 0 0
44 2 0 0 0 0 0 2 0 0
47 2 0 0 0 0 0 1 0 0
48 6 0 0 3 0 0 0 0 0
49 12 0 0 6 0 0 6 0 0
50 12 0 0 0 0 0 6 0 0
52 6 1 1 3 0 0 6 0 0
53 18 0 0 15 0 0 0 0 0
fn=_dl_new_object
62 33 1 1 3 0 0 24 0 0
64 12 0 0 0 0 0 6 0 0
70 39 2 2 6 0 0 0 0 0
77 21 0 0 0 0 0 15 0 0
80 12 1 1 6 0 0 0 0 0
83 3 0 0 0 0 0 3 2 2
84 6 0 0 0 0 0 3 3 3
88 6 0 0 0 0 0 3 0 0
89 27 0 0 6 0 0 18 0 0
91 3 1 1 0 0 0 3 2 2
93 6 0 0 3 0 0 3 0 0
94 18 0 0 6 3 3 3 0 0
97 6 0 0 3 0 0 0 0 0
98 6 1 1 0 0 0 3 3 3
99 3 0 0 0 0 0 3 0 0
103 6 1 1 3 0 0 3 0 0
106 56 0 0 0 0 0 0 0 0
108 16 0 0 0 0 0 16 2 2
118 6 0 0 0 0 0 3 2 2
119 3 0 0 0 0 0 3 0 0
122 3 0 0 0 0 0 0 0 0
124 12 0 0 6 0 0 0 0 0
126 6 0 0 0 0 0 2 0 0
129 8 1 1 0 0 0 0 0 0
133 6 0 0 2 0 0 0 0 0
137 18 0 0 2 0 0 0 0 0
145 1 0 0 0 0 0 1 0 0
147 6 1 1 2 0 0 0 0 0
151 6 1 1 0 0 0 3 0 0
154 12 0 0 6 0 0 0 0 0
156 10 0 0 0 0 0 8 0 0
160 6 0 0 2 0 0 0 0 0
164 6 0 0 0 0 0 4 0 0
165 6 1 1 0 0 0 0 0 0
210 14 0 0 4 0 0 8 0 0
215 78 0 0 0 0 0 0 0 0
216 80 0 0 40 0 0 0 0 0
218 4 0 0 0 0 0 0 0 0
221 2 0 0 0 0 0 2 0 0
224 4 0 0 0 0 0 2 0 0
228 21 1 1 15 0 0 0 0 0
fl=/build/buildd/eglibc-2.13/elf/dl-reloc.c
fn=_dl_protect_relro
338 24 1 1 0 0 0 12 0 0
339 16 0 0 8 0 0 0 0 0
340 8 0 0 4 0 0 0 0 0
341 8 0 0 4 0 0 0 0 0
344 8 0 0 0 0 0 0 0 0
345 28 1 1 0 0 0 16 0 0
351 16 0 0 12 0 0 0 0 0
fn=_dl_relocate_object
156 6 0 0 2 0 0 0 0 0
158 40 2 2 8 0 0 20 0 0
165 4 0 0 0 0 0 4 0 0
168 12 0 0 0 0 0 4 0 0
172 8 0 0 0 0 0 0 0 0
173 20 0 0 8 0 0 0 0 0
179 8 0 0 4 0 0 0 0 0
185 12 1 1 4 0 0 0 0 0
187 24 1 1 12 0 0 4 0 0
189 8 0 0 4 0 0 0 0 0
197 12 0 0 4 0 0 0 0 0
242 12 0 0 8 0 0 4 0 0
268 287 9 9 111 0 0 82 0 0
271 12 0 0 4 0 0 0 0 0
311 4 0 0 4 0 0 0 0 0
314 12 0 0 4 0 0 0 0 0
331 12 0 0 4 0 0 0 0 0
332 12 0 0 0 0 0 4 0 0
333 24 0 0 20 0 0 0 0 0
fl=/build/buildd/eglibc-2.13/elf/dl-runtime.c
fn=_dl_fixup
74 40 1 1 0 0 0 25 1 1
76 5 0 0 5 0 0 0 0 0
77 15 0 0 10 0 0 5 0 0
80 10 0 0 10 0 0 0 0 0
81 35 1 1 10 0 0 5 0 0
82 20 0 0 10 0 0 10 0 0
87 10 0 0 0 0 0 0 0 0
91 15 0 0 5 0 0 0 0 0
93 5 0 0 0 0 0 0 0 0
95 15 0 0 5 0 0 0 0 0
99 8 0 0 8 0 0 0 0 0
100 12 1 1 4 0 0 0 0 0
102 12 0 0 4 0 0 0 0 0
108 5 0 0 0 0 0 0 0 0
109 15 0 0 5 0 0 0 0 0
119 65 1 1 15 0 0 30 0 0
123 15 0 0 5 0 0 0 0 0
133 35 0 0 10 0 0 0 0 0
141 5 1 1 5 0 0 0 0 0
149 20 0 0 5 0 0 0 0 0
153 15 0 0 5 0 0 0 0 0
157 30 0 0 25 0 0 0 0 0
fl=/build/buildd/eglibc-2.13/elf/dl-tls.c
fn=_dl_add_to_slotinfo
820 8 1 1 1 0 0 5 0 0
826 1 0 0 1 0 0 0 0 0
829 2 0 0 1 0 0 0 0 0
834 3 1 1 1 0 0 0 0 0
875 1 0 0 0 0 0 1 0 0
876 3 1 1 1 0 0 1 0 0
877 6 0 0 5 0 0 0 0 0
fn=_dl_allocate_tls_init
379 2 0 0 0 0 0 0 0 0
380 8 1 1 0 0 0 6 0 0
381 2 0 0 0 0 0 0 0 0
385 2 0 0 1 0 0 1 0 0
387 1 1 1 0 0 0 1 0 0
388 1 0 0 0 0 0 0 0 0
393 4 0 0 2 0 0 1 0 0
398 12 0 0 5 0 0 0 0 0
404 9 0 0 3 0 0 0 0 0
407 1 1 1 1 0 0 0 0 0
408 2 0 0 0 0 0 0 0 0
414 3 0 0 1 0 0 0 0 0
416 2 1 1 0 0 0 0 0 0
417 1 0 0 1 0 0 0 0 0
426 2 1 1 1 0 0 0 0 0
427 6 0 0 3 0 0 2 0 0
429 2 0 0 1 0 0 0 0 0
430 3 0 0 1 0 0 1 0 0
438 4 1 1 2 0 0 1 0 0
439 1 0 0 0 0 0 1 0 0
440 12 0 0 4 0 0 8 0 0
454 2 1 1 1 0 0 1 0 0
457 7 1 1 6 0 0 0 0 0
fn=_dl_allocate_tls_storage
332 7 1 1 0 0 0 5 0 0
334 1 1 1 1 0 0 0 0 0
345 5 0 0 1 0 0 3 0 0
346 2 0 0 0 0 0 0 0 0
353 1 0 0 0 0 0 0 0 0
357 306 1 1 0 0 0 292 19 19
368 2 0 0 0 0 0 1 0 0
369 2 0 0 0 0 0 0 0 0
374 6 0 0 5 0 0 0 0 0
fn=_dl_determine_tlsoffset
116 7 1 1 0 0 0 5 0 0
122 4 0 0 1 0 0 1 0 0
125 4 0 0 2 0 0 0 0 0
161 9 1 1 5 0 0 0 0 0
163 10 1 1 1 0 0 6 0 0
165 3 0 0 1 0 0 0 0 0
166 2 1 1 1 0 0 0 0 0
168 4 0 0 2 0 0 1 0 0
170 7 1 1 3 0 0 2 0 0
182 2 0 0 0 0 0 0 0 0
186 8 0 0 1 0 0 1 0 0
188 4 0 0 2 0 0 0 0 0
189 1 0 0 1 0 0 0 0 0
198 1 1 1 0 0 0 1 0 0
201 8 0 0 4 0 0 1 0 0
202 1 0 0 0 0 0 1 0 0
253 2 1 1 1 0 0 1 0 0
254 6 0 0 5 0 0 0 0 0
fn=_dl_next_tls_modid
54 7 2 2 0 0 0 5 0 0
57 3 0 0 2 0 0 0 0 0
105 2 0 0 0 0 0 1 0 0
109 6 0 0 5 0 0 0 0 0
fn=allocate_dtv
292 7 1 1 0 0 0 4 0 0
299 3 0 0 1 0 0 1 0 0
300 4 0 0 0 0 0 3 0 0
301 2 0 0 0 0 0 0 0 0
310 2 0 0 0 0 0 1 0 0
316 6 0 0 4 0 0 0 0 0
fl=/build/buildd/eglibc-2.13/elf/dl-version.c
fn=_dl_check_all_versions
387 9 2 2 0 0 0 6 0 0
389 1 0 0 0 0 0 0 0 0
391 16 0 0 4 0 0 0 0 0
392 28 1 1 4 0 0 0 0 0
393 16 0 0 4 0 0 4 0 0
396 7 0 0 5 0 0 0 0 0
fn=_dl_check_map_versions
62 26 0 0 10 0 0 0 0 0
63 5 0 0 5 0 0 0 0 0
64 35 0 0 0 0 0 7 0 0
180 44 1 1 0 0 0 32 0 0
181 2 0 0 0 0 0 2 0 0
189 2 0 0 0 0 0 2 0 0
195 16 0 0 4 0 0 0 0 0
197 8 1 1 4 0 0 4 0 0
199 8 0 0 4 0 0 4 0 0
200 8 0 0 4 0 0 4 0 0
202 12 0 0 4 0 0 0 0 0
205 10 0 0 6 0 0 2 0 0
209 16 0 0 2 2 2 6 0 0
226 8 1 1 6 0 0 2 0 0
230 4 1 1 0 0 0 0 0 0
234 6 0 0 2 0 0 0 0 0
239 8 0 0 4 0 0 2 0 0
243 122 2 2 74 2 2 36 0 0
251 8 0 0 4 0 0 0 0 0
254 12 0 0 4 0 0 0 0 0
259 2 0 0 0 0 0 0 0 0
263 8 0 0 4 0 0 0 0 0
277 12 1 1 4 0 0 0 0 0
280 14 0 0 12 0 0 2 0 0
283 68 0 0 34 9 9 0 0 0
286 108 0 0 36 5 5 2 0 0
290 96 0 0 0 0 0 0 0 0
294 12 1 1 4 0 0 0 0 0
299 6 0 0 3 0 0 3 0 0
300 21 1 1 3 0 0 15 0 0
301 6 0 0 0 0 0 0 0 0
309 3 0 0 0 0 0 3 0 0
312 9 0 0 6 0 0 3 0 0
314 9 0 0 3 0 0 0 0 0
317 8 1 1 8 0 0 0 0 0
321 8 0 0 2 0 0 2 0 0
324 4 0 0 4 0 0 0 0 0
326 16 0 0 4 0 0 0 0 0
328 16 1 1 8 0 0 4 0 0
329 8 0 0 0 0 0 4 2 2
330 12 0 0 4 0 0 4 0 0
331 16 0 0 8 0 0 4 0 0
334 14 0 0 6 0 0 0 0 0
339 2 0 0 0 0 0 0 0 0
342 6 0 0 2 0 0 0 0 0
352 9 0 0 3 0 0 0 0 0
355 12 1 1 10 0 0 0 0 0
359 34 0 0 34 0 0 0 0 0
361 68 0 0 34 0 0 0 0 0
365 32 0 0 32 0 0 0 0 0
366 160 0 0 64 0 0 32 9 9
367 96 0 0 32 0 0 32 0 0
368 32 0 0 0 0 0 32 0 0
371 102 0 0 34 0 0 0 0 0
375 32 0 0 0 0 0 0 0 0
381 28 1 1 24 0 0 0 0 0
fn=match_symbol
82 40 1 1 0 0 0 24 0 0
83 12 0 0 12 0 0 0 0 0
91 8 0 0 4 0 0 0 0 0
97 16 0 0 8 0 0 0 0 0
112 4 1 1 4 0 0 0 0 0
113 8 0 0 0 0 0 0 0 0
115 8 0 0 8 0 0 0 0 0
120 30 0 0 15 4 4 0 0 0
134 30 0 0 15 0 0 0 0 0
139 44 1 1 16 0 0 16 0 0
142 4 0 0 0 0 0 0 0 0
146 33 0 0 11 0 0 0 0 0
150 11 0 0 0 0 0 0 0 0
174 28 0 0 20 0 0 0 0 0
fl=/build/buildd/eglibc-2.13/elf/do-rel.h
fn=_dl_relocate_object
57 16 0 0 8 0 0 0 0 0
58 40 0 0 0 0 0 16 0 0
65 32 0 0 16 0 0 0 0 0
68 74 2 2 33 0 0 7 0 0
74 16 0 0 8 0 0 8 0 0
75 24 2 2 20 0 0 4 0 0
76 20 0 0 12 0 0 8 0 0
77 59 0 0 11 0 0 0 0 0
79 12 1 1 8 0 0 0 0 0
91 36 0 0 16 0 0 4 0 0
98 9 0 0 3 0 0 0 0 0
101 26 0 0 8 1 1 0 0 0
104 3777 1 1 6 0 0 0 0 0
105 2506 1 1 1255 156 156 0 0 0
111 40 2 2 16 0 0 0 0 0
114 18 0 0 9 0 0 9 0 0
117 330 0 0 112 0 0 0 0 0
119 618 1 1 309 53 53 103 0 0
120 584 0 0 189 0 0 206 0 0
121 395 0 0 206 0 0 103 0 0
122 309 0 0 206 0 0 103 0 0
127 33 2 2 22 0 0 0 0 0
128 18 0 0 6 0 0 3 0 0
129 9 0 0 6 0 0 3 0 0
fn=_dl_start
74 2 0 0 1 0 0 1 0 0
75 1 0 0 1 0 0 0 0 0
76 1 0 0 1 0 0 0 0 0
77 2 1 1 0 0 0 0 0 0
79 6 0 0 1 0 0 0 0 0
104 38 1 1 0 0 0 0 0 0
105 24 0 0 12 0 0 0 0 0
109 3 0 0 1 0 0 0 0 0
117 31 0 0 9 0 0 2 0 0
120 40 0 0 16 1 1 0 0 0
122 16 0 0 8 0 0 8 0 0
fl=/build/buildd/eglibc-2.13/elf/dynamic-link.h
fn=_dl_map_object_from_fd
113 4 0 0 0 0 0 0 0 0
117 4 0 0 0 0 0 2 0 0
119 129 1 1 43 8 8 0 0 0
121 82 0 0 0 0 0 0 0 0
122 31 0 0 0 0 0 31 3 3
126 40 0 0 0 0 0 0 0 0
127 24 0 0 0 0 0 8 2 2
128 8 1 1 0 0 0 0 0 0
131 8 0 0 0 0 0 0 0 0
134 8 0 0 0 0 0 0 0 0
135 2 0 0 0 0 0 0 0 0
136 8 0 0 2 0 0 2 1 1
137 41 0 0 0 0 0 0 0 0
144 6 0 0 2 0 0 0 0 0
164 8 0 0 4 0 0 0 0 0
165 10 0 0 6 0 0 0 0 0
166 10 0 0 6 0 0 0 0 0
167 10 1 1 6 0 0 0 0 0
169 6 0 0 2 0 0 0 0 0
172 10 0 0 6 0 0 0 0 0
174 10 0 0 6 0 0 0 0 0
175 8 1 1 4 1 1 0 0 0
176 10 0 0 6 0 0 0 0 0
182 6 0 0 2 0 0 0 0 0
189 10 2 2 2 0 0 0 0 0
194 6 0 0 2 0 0 0 0 0
198 6 1 1 2 0 0 0 0 0
199 6 0 0 4 0 0 0 0 0
211 6 0 0 2 0 0 0 0 0
216 2 0 0 1 0 0 1 0 0
218 2 0 0 0 0 0 0 0 0
220 2 0 0 0 0 0 0 0 0
222 2 0 0 0 0 0 0 0 0
225 6 1 1 2 0 0 0 0 0
227 2 0 0 1 0 0 1 0 0
229 2 0 0 0 0 0 0 0 0
232 6 0 0 2 0 0 0 0 0
fn=_dl_start
119 61 1 1 20 3 3 0 0 0
121 36 1 1 0 0 0 0 0 0
126 20 0 0 0 0 0 0 0 0
127 12 0 0 0 0 0 4 2 2
128 4 1 1 0 0 0 0 0 0
131 4 0 0 0 0 0 0 0 0
134 4 1 1 0 0 0 0 0 0
135 1 0 0 0 0 0 0 0 0
136 16 0 0 0 0 0 14 2 2
137 18 0 0 0 0 0 0 0 0
144 2 0 0 0 0 0 0 0 0
164 4 0 0 2 0 0 0 0 0
165 4 1 1 2 0 0 0 0 0
166 4 0 0 2 0 0 0 0 0
167 4 0 0 2 0 0 0 0 0
172 4 0 0 2 0 0 0 0 0
174 4 0 0 2 0 0 0 0 0
175 4 1 1 2 0 0 0 0 0
176 4 0 0 2 0 0 0 0 0
182 3 0 0 1 0 0 0 0 0
185 2 0 0 1 0 0 0 0 0
198 3 0 0 1 0 0 0 0 0
199 3 0 0 2 0 0 0 0 0
203 3 1 1 1 0 0 0 0 0
205 3 0 0 1 0 0 0 0 0
208 3 0 0 1 0 0 0 0 0
209 3 1 1 1 0 0 0 0 0
fn=dl_main
104 2 0 0 2 0 0 0 0 0
113 2 0 0 0 0 0 0 0 0
117 2 0 0 0 0 0 0 0 0
119 83 1 1 39 4 4 1 0 0
121 38 0 0 0 0 0 0 0 0
122 30 0 0 15 0 0 15 2 2
126 16 0 0 0 0 0 0 0 0
127 15 0 0 3 0 0 3 1 1
128 4 1 1 0 0 0 0 0 0
131 4 1 1 0 0 0 0 0 0
134 4 1 1 0 0 0 0 0 0
135 1 0 0 0 0 0 0 0 0
136 3 0 0 0 0 0 1 0 0
137 19 0 0 0 0 0 0 0 0
144 4 1 1 2 0 0 0 0 0
182 4 1 1 2 0 0 0 0 0
189 5 1 1 1 0 0 0 0 0
194 4 0 0 2 0 0 0 0 0
198 4 0 0 2 0 0 0 0 0
199 3 1 1 2 0 0 0 0 0
211 4 0 0 2 0 0 0 0 0
225 4 1 1 2 0 0 0 0 0
232 4 0 0 2 0 0 0 0 0
fl=/build/buildd/eglibc-2.13/elf/rtld.c
fn=_dl_initial_error_catch_tsd
795 8 1 1 0 0 0 4 0 0
798 8 0 0 4 0 0 0 0 0
fn=_dl_start
290 92 2 2 21 0 0 22 0 0
302 2 0 0 0 0 0 1 0 0
303 2 0 0 0 0 0 1 0 0
304 2 0 0 0 0 0 1 0 0
305 2 1 1 0 0 0 1 0 0
306 2 0 0 0 0 0 1 0 0
327 3 0 0 0 0 0 2 0 0
331 1 0 0 0 0 0 1 0 0
337 6 0 0 1 0 0 3 0 0
346 1 0 0 0 0 0 0 0 0
349 4 0 0 2 0 0 2 0 0
353 2 0 0 1 0 0 0 0 0
366 38 0 0 0 0 0 0 0 0
367 9 1 1 0 0 0 6 1 1
385 3 0 0 0 0 0 2 1 1
411 1 0 0 0 0 0 1 1 1
414 1 0 0 0 0 0 1 1 1
542 3 0 0 1 0 0 0 0 0
547 17 2 2 8 0 0 2 0 0
549 1 0 0 1 1 1 0 0 0
574 7 0 0 5 0 0 0 0 0
fn=dl_main
724 2 0 0 1 0 0 1 0 0
728 6 2 2 1 0 0 2 0 0
886 40 0 0 0 0 0 0 0 0
890 8 2 2 0 0 0 5 0 0
896 1 0 0 0 0 0 1 0 0
899 1 1 1 0 0 0 1 1 1
905 1 0 0 0 0 0 1 0 0
909 2 0 0 0 0 0 1 0 0
912 2 0 0 0 0 0 1 1 1
916 2 0 0 0 0 0 1 1 1
917 2 0 0 0 0 0 1 0 0
922 2 1 1 0 0 0 1 0 0
925 2 0 0 0 0 0 1 1 1
932 4 0 0 2 0 0 0 0 0
1111 9 1 1 0 0 0 5 2 2
1113 2 1 1 0 0 0 0 0 0
1114 3 0 0 2 0 0 1 0 0
1115 2 0 0 1 0 0 1 0 0
1116 4 0 0 3 0 0 1 0 0
1120 3 0 0 0 0 0 1 0 0
1121 2 0 0 1 0 0 0 0 0
1142 2 0 0 1 0 0 1 0 0
1143 1 0 0 0 0 0 1 0 0
1145 1 0 0 0 0 0 1 0 0
1147 1 0 0 1 0 0 0 0 0
1150 35 1 1 6 0 0 0 0 0
1151 71 1 1 9 4 4 0 0 0
1155 3 1 1 2 0 0 1 0 0
1156 1 0 0 0 0 0 0 0 0
1160 3 0 0 2 0 0 1 0 0
1161 1 0 0 0 0 0 0 0 0
1169 1 0 0 0 0 0 1 0 0
1170 2 0 0 2 0 0 0 0 0
1172 4 1 1 1 0 0 2 0 0
1179 3 0 0 1 0 0 0 0 0
1193 4 0 0 1 0 0 1 0 0
1197 2 0 0 0 0 0 1 0 0
1205 2 1 1 2 0 0 0 0 0
1206 10 1 1 6 0 0 1 0 0
1207 4 0 0 2 0 0 0 0 0
1208 1 0 0 0 0 0 1 0 0
1211 4 0 0 4 1 1 0 0 0
1212 4 0 0 2 0 0 0 0 0
1213 2 0 0 0 0 0 2 0 0
1214 6 0 0 3 0 0 0 0 0
1215 2 0 0 0 0 0 1 0 0
1242 2 0 0 1 0 0 1 0 0
1243 1 0 0 0 0 0 0 0 0
1246 2 0 0 1 0 0 1 0 0
1247 2 0 0 1 1 1 1 0 0
1248 1 0 0 0 0 0 0 0 0
1253 4 0 0 2 0 0 0 0 0
1256 2 0 0 0 0 0 0 0 0
1258 2 1 1 0 0 0 0 0 0
1260 3 0 0 1 0 0 0 0 0
1273 3 0 0 1 0 0 0 0 0
1274 10 1 1 5 0 0 3 0 0
1279 1 0 0 0 0 0 1 0 0
1281 1 0 0 0 0 0 1 0 0
1282 1 0 0 0 0 0 1 0 0
1284 3 0 0 1 0 0 0 0 0
1285 2 1 1 0 0 0 1 0 0
1289 2 0 0 1 0 0 0 0 0
1291 2 0 0 1 0 0 0 0 0
1296 2 0 0 1 0 0 1 0 0
1299 2 1 1 1 0 0 0 0 0
1315 2 2 2 0 0 0 1 0 0
1319 3 0 0 1 0 0 0 0 0
1411 9 1 1 1 0 0 2 0 0
1416 2 0 0 1 0 0 1 0 0
1419 4 1 1 1 0 0 2 0 0
1421 1 0 0 0 0 0 1 0 0
1426 3 0 0 1 0 0 0 0 0
1429 4 0 0 2 0 0 1 0 0
1430 4 1 1 1 0 0 1 0 0
1431 4 0 0 1 0 0 2 0 0
1432 1 0 0 0 0 0 1 0 0
1433 1 0 0 1 0 0 0 0 0
1434 2 0 0 2 0 0 0 0 0
1439 2 0 0 1 0 0 0 0 0
1440 4 1 1 1 0 0 1 0 0
1444 1 0 0 1 0 0 0 0 0
1446 2 0 0 1 1 1 0 0 0
1447 1 1 1 0 0 0 1 0 0
1448 2 0 0 1 0 0 1 0 0
1452 1 0 0 0 0 0 0 0 0
1453 3 0 0 0 0 0 0 0 0
1454 4 0 0 1 1 1 0 0 0
1456 2 0 0 1 0 0 1 1 1
1457 2 0 0 1 1 1 1 0 0
1462 3 1 1 1 1 1 0 0 0
1467 3 0 0 1 0 0 0 0 0
1648 4 0 0 2 0 0 0 0 0
1651 2 0 0 1 0 0 1 0 0
1655 3 0 0 1 0 0 0 0 0
1660 2 1 1 1 0 0 1 0 0
1661 1 0 0 0 0 0 1 0 0
1665 3 0 0 1 0 0 0 0 0
1680 4 0 0 2 0 0 0 0 0
1682 2 0 0 0 0 0 2 0 0
1684 3 1 1 1 0 0 0 0 0
1691 13 2 2 0 0 0 7 0 0
1694 4 1 1 0 0 0 2 0 0
1697 14 0 0 2 0 0 6 0 0
1698 2 0 0 1 0 0 0 0 0
1699 3 1 1 1 0 0 0 0 0
1701 10 0 0 3 0 0 3 0 0
1703 1 1 1 0 0 0 0 0 0
1704 2 0 0 2 0 0 0 0 0
1705 3 1 1 2 0 0 0 0 0
1715 7 0 0 0 0 0 4 0 0
1792 4 1 1 2 0 0 0 0 0
1796 6 0 0 1 0 0 0 0 0
1797 1 0 0 0 0 0 0 0 0
1800 2 0 0 0 0 0 1 0 0
1801 1 0 0 1 0 0 0 0 0
1802 2 0 0 0 0 0 0 0 0
1803 2 0 0 1 0 0 0 0 0
1809 3 0 0 0 0 0 2 0 0
1810 10 0 0 3 0 0 3 0 0
1811 1 0 0 0 0 0 0 0 0
1813 4 1 1 4 0 0 0 0 0
1816 14 0 0 3 0 0 0 0 0
1817 12 0 0 8 0 0 0 0 0
1820 3 0 0 2 0 0 1 0 0
1821 3 1 1 1 0 0 0 0 0
1822 1 0 0 0 0 0 1 0 0
1824 8 1 1 0 0 0 0 0 0
1825 13 0 0 7 0 0 0 0 0
1835 2 1 1 0 0 0 1 0 0
1837 2 0 0 1 0 0 1 0 0
1838 3 1 1 1 0 0 0 0 0
1840 2 0 0 0 0 0 1 0 0
1842 3 0 0 0 0 0 0 0 0
1844 3 0 0 1 0 0 0 0 0
1845 1 0 0 1 0 0 0 0 0
1858 2 0 0 0 0 0 0 0 0
1859 2 0 0 1 0 0 1 0 0
1860 3 1 1 1 0 0 0 0 0
1871 5 0 0 1 0 0 1 0 0
1872 4 0 0 0 0 0 1 0 0
1873 4 0 0 0 0 0 1 0 0
1883 2 1 1 1 0 0 1 0 0
1884 3 0 0 1 0 0 0 0 0
1887 3 0 0 1 0 0 0 0 0
1890 1 0 0 0 0 0 1 0 0
1892 3 0 0 1 0 0 0 0 0
2121 4 0 0 2 0 0 0 0 0
2122 1 0 0 1 0 0 0 0 0
2177 3 0 0 1 0 0 1 0 0
2181 5 0 0 3 0 0 2 0 0
2185 3 0 0 1 0 0 1 0 0
2233 4 1 1 0 0 0 0 0 0
2240 1 0 0 1 0 0 0 0 0
2243 17 1 1 5 0 0 0 0 0
2246 3 0 0 0 0 0 2 0 0
2252 8 0 0 8 0 0 0 0 0
2254 10 0 0 0 0 0 0 0 0
2256 1 1 1 0 0 0 1 0 0
2257 1 0 0 1 0 0 0 0 0
2260 8 0 0 4 0 0 0 0 0
2261 30 0 0 6 0 0 15 0 0
2265 14 1 1 5 0 0 0 0 0
2266 2 0 0 0 0 0 2 0 0
2268 4 0 0 4 0 0 0 0 0
2270 8 0 0 0 0 0 0 0 0
2271 1 0 0 0 0 0 0 0 0
2273 4 1 1 2 0 0 2 0 0
2279 4 0 0 1 0 0 1 0 0
2288 5 0 0 2 0 0 0 0 0
2289 2 0 0 1 0 0 0 0 0
2294 2 0 0 1 0 0 1 0 0
2298 2 0 0 1 0 0 0 0 0
2307 3 1 1 2 0 0 0 0 0
2309 4 0 0 2 0 0 0 0 0
2324 3 1 1 0 0 0 2 0 0
2326 1 0 0 1 0 0 0 0 0
2327 8 1 1 3 0 0 5 0 0
2328 1 0 0 0 0 0 0 0 0
2330 4 0 0 4 0 0 0 0 0
2338 1 0 0 0 0 0 1 0 0
2342 3 0 0 1 0 0 0 0 0
2362 3 1 1 0 0 0 1 0 0
2363 1 0 0 0 0 0 1 0 0
2364 1 0 0 0 0 0 1 0 0
2368 1 0 0 0 0 0 1 0 0
2373 6 0 0 5 0 0 0 0 0
fn=do_preload
804 7 1 1 0 0 0 4 0 0
806 1 0 0 0 0 0 1 0 0
810 1 0 0 0 0 0 1 0 0
811 1 1 1 0 0 0 1 0 0
812 1 0 0 0 0 0 1 0 0
814 1 0 0 1 0 0 0 0 0
816 10 0 0 0 0 0 5 0 0
817 2 0 0 1 0 0 0 0 0
827 3 1 1 1 0 0 0 0 0
831 5 0 0 4 0 0 0 0 0
fn=init_tls.part.3
721 5 0 0 0 0 0 3 0 0
734 3 0 0 1 0 0 1 1 1
737 1 0 0 0 0 0 1 0 0
738 4 1 1 0 0 0 3 0 0
745 1 0 0 0 0 0 1 0 0
749 2 0 0 1 1 1 0 0 0
750 2 0 0 0 0 0 0 0 0
751 11 1 1 1 0 0 0 0 0
752 4 0 0 4 0 0 0 0 0
753 8 0 0 4 0 0 0 0 0
757 1 0 0 0 0 0 1 0 0
759 1 0 0 0 0 0 0 0 0
761 2 1 1 0 0 0 0 0 0
764 1 0 0 0 0 0 1 0 0
771 2 0 0 0 0 0 1 0 0
772 2 0 0 0 0 0 0 0 0
778 2 1 1 1 0 0 1 0 0
782 18 1 1 2 0 0 7 0 0
784 1 0 0 0 0 0 0 0 0
785 1 1 1 0 0 0 1 0 0
788 5 0 0 3 0 0 0 0 0
fn=map_doit
630 3 1 1 1 0 0 1 0 0
632 10 1 1 3 0 0 5 0 0
634 3 0 0 2 0 0 0 0 0
fn=process_envvars
2531 9 2 2 0 0 0 6 0 0
2532 2 0 0 1 0 0 1 0 0
2534 1 0 0 0 0 0 0 0 0
2535 1 0 0 0 0 0 0 0 0
2539 6 0 0 1 0 0 1 0 0
2541 15 1 1 0 0 0 3 1 1
2545 103 0 0 21 0 0 0 0 0
2546 19 0 0 0 0 0 0 0 0
2548 4 0 0 0 0 0 0 0 0
2554 12 1 1 2 1 1 0 0 0
2577 9 2 2 1 0 0 5 0 0
2584 9 0 0 1 0 0 5 0 0
2586 2 0 0 0 0 0 1 1 1
2587 1 0 0 0 0 0 0 0 0
2630 9 2 2 1 0 0 5 0 0
2632 2 1 1 0 0 0 1 1 1
2633 1 0 0 0 0 0 0 0 0
2697 3 0 0 0 0 0 1 0 0
2703 2 0 0 1 0 0 1 0 0
2707 3 0 0 1 0 0 0 0 0
2740 2 0 0 0 0 0 0 0 0
2762 6 0 0 5 0 0 0 0 0
fn=rtld_lock_default_lock_recursive
837 4 1 1 4 0 0 0 0 0
838 4 0 0 4 0 0 0 0 0
839 4 0 0 4 0 0 0 0 0
fn=rtld_lock_default_unlock_recursive
843 4 0 0 4 0 0 0 0 0
844 4 0 0 4 0 0 0 0 0
845 4 0 0 4 0 0 0 0 0
fn=security_init
851 7 1 1 0 0 0 5 0 0
853 1 0 0 1 0 0 0 0 0
855 1 0 0 0 0 0 1 0 0
861 3 0 0 1 0 0 0 0 0
863 1 0 0 1 0 0 0 0 0
866 1 0 0 0 0 0 1 0 0
868 1 0 0 0 0 0 1 0 0
874 1 1 1 0 0 0 1 0 0
875 6 0 0 5 0 0 0 0 0
fn=version_check_doit
662 6 1 1 1 0 0 3 0 0
664 6 1 1 2 0 0 1 0 0
668 4 0 0 3 0 0 0 0 0
fl=/build/buildd/eglibc-2.13/io/../sysdeps/unix/syscall-template.S
fn=???
84 46 0 0 46 0 0 0 0 0
fn=__write_nocancel
82 20 1 1 12 0 0 4 0 0
fn=access
82 24 1 1 6 0 0 0 0 0
83 24 1 1 3 0 0 6 0 0
fn=close
82 21 1 1 3 0 0 0 0 0
83 3 0 0 3 0 0 0 0 0
fn=open
82 171 1 1 76 0 0 19 1 1
83 131 0 0 19 0 0 32 0 0
fn=read
82 18 1 1 8 0 0 2 0 0
83 2 0 0 2 0 0 0 0 0
fn=write
82 4 1 1 2 0 0 0 0 0
fl=/build/buildd/eglibc-2.13/io/../sysdeps/unix/sysv/linux/fxstat64.c
fn=__fxstat64
46 9 1 1 0 0 0 6 0 0
49 24 0 0 6 0 0 0 0 0
82 6 0 0 6 0 0 0 0 0
fn=__fxstat64@@GLIBC_2.2
46 3 1 1 0 0 0 2 0 0
49 8 1 1 3 0 0 1 0 0
82 2 0 0 2 0 0 0 0 0
fl=/build/buildd/eglibc-2.13/io/../sysdeps/unix/sysv/linux/xstat64.c
fn=__xstat64
47 48 1 1 0 0 0 32 0 0
50 173 0 0 32 0 0 15 0 0
84 32 0 0 32 0 0 0 0 0
fl=/build/buildd/eglibc-2.13/libio/../sysdeps/unix/sysv/linux/sys/sysmacros.h
fn=_IO_file_doallocate
45 5 1 1 0 0 0 0 0 0
fl=/build/buildd/eglibc-2.13/libio/filedoalloc.c
fn=_IO_file_doallocate
88 8 2 2 1 0 0 5 1 1
102 2 0 0 0 0 0 0 0 0
103 12 0 0 4 0 0 3 0 0
105 4 1 1 1 1 1 0 0 0
108 2 0 0 0 0 0 0 0 0
110 3 1 1 2 0 0 0 0 0
113 2 0 0 1 0 0 0 0 0
116 4 0 0 1 0 0 0 0 0
117 3 0 0 0 0 0 0 0 0
120 9 1 1 0 0 0 7 0 0
121 6 0 0 0 0 0 5 0 0
122 1 0 0 0 0 0 0 0 0
123 6 0 0 5 0 0 0 0 0
fl=/build/buildd/eglibc-2.13/libio/fileops.c
fn=_IO_do_write@@GLIBC_2.1
501 9 1 1 3 0 0 3 0 0
503 25 0 0 4 0 0 4 0 0
504 9 0 0 6 0 0 0 0 0
fn=_IO_file_overflow@@GLIBC_2.1
837 63 2 2 14 0 0 35 0 0
838 21 0 0 7 0 0 0 0 0
845 38 0 0 12 0 0 0 0 0
848 3 1 1 1 0 0 0 0 0
850 2 1 1 0 0 0 2 0 0
851 6 1 1 2 0 0 3 0 0
860 2 0 0 0 0 0 0 0 0
869 4 0 0 2 0 0 0 0 0
871 1 0 0 0 0 0 1 0 0
872 1 0 0 0 0 0 1 0 0
873 1 1 1 0 0 0 1 0 0
874 2 0 0 0 0 0 2 0 0
876 2 0 0 0 0 0 1 0 0
877 5 0 0 1 0 0 0 0 0
878 2 0 0 0 0 0 1 0 0
880 14 0 0 0 0 0 0 0 0
881 15 0 0 0 0 0 12 0 0
882 6 1 1 3 0 0 0 0 0
883 8 0 0 4 0 0 0 0 0
886 16 0 0 0 0 0 8 0 0
887 12 0 0 4 0 0 0 0 0
888 8 0 0 0 0 0 0 0 0
892 8 0 0 0 0 0 0 0 0
893 42 1 1 35 0 0 0 0 0
fn=_IO_file_setbuf@@GLIBC_2.1
453 6 1 1 1 0 0 3 0 0
454 8 1 1 2 0 0 4 0 0
457 2 0 0 0 0 0 2 0 0
458 2 0 0 1 0 0 1 0 0
459 3 0 0 0 0 0 3 0 0
462 5 0 0 3 0 0 0 0 0
fn=_IO_file_stat
1233 1 1 1 0 0 0 0 0 0
1235 7 1 1 3 0 0 4 0 0
1239 2 0 0 1 0 0 0 0 0
fn=_IO_file_sync@@GLIBC_2.1
899 6 1 1 1 0 0 3 0 0
904 4 0 0 2 0 0 0 0 0
906 1 1 1 1 0 0 0 0 0
907 2 0 0 1 0 0 0 0 0
924 3 1 1 0 0 0 2 0 0
928 4 0 0 3 0 0 0 0 0
fn=_IO_file_write@@GLIBC_2.1
1269 14 1 1 6 0 0 6 0 0
1271 20 1 1 0 0 0 0 0 0
1276 18 1 1 6 0 0 10 0 0
1277 4 0 0 0 0 0 0 0 0
1282 2 0 0 0 0 0 0 0 0
1283 2 0 0 0 0 0 0 0 0
1286 8 0 0 4 0 0 0 0 0
1289 10 0 0 8 0 0 0 0 0
fn=_IO_file_xsputn@@GLIBC_2.1
1296 90 2 2 20 0 0 50 1 1
1302 20 0 0 0 0 0 0 0 0
1303 10 0 0 0 0 0 0 0 0
1309 50 0 0 20 0 0 0 0 0
1311 27 0 0 18 0 0 0 0 0
1312 27 0 0 0 0 0 9 0 0
1315 149 1 1 0 0 0 7 0 0
1317 175 1 1 56 0 0 0 0 0
1319 8 0 0 0 0 0 2 0 0
1326 6 0 0 3 0 0 0 0 0
1330 33 1 1 0 0 0 0 0 0
1334 36 0 0 0 0 0 0 0 0
1348 121 0 0 0 0 0 0 0 0
1349 168 0 0 56 0 0 56 0 0
1350 27 0 0 9 0 0 9 0 0
1352 27 0 0 0 0 0 0 0 0
1354 36 0 0 9 0 0 0 0 0
1358 24 1 1 12 0 0 9 0 0
1365 18 0 0 12 0 0 3 0 0
1366 21 1 1 6 0 0 0 0 0
1368 12 0 0 0 0 0 0 0 0
1379 6 0 0 0 0 0 0 0 0
1380 8 0 0 1 0 0 4 0 0
1382 20 1 1 0 0 0 0 0 0
1383 60 0 0 50 0 0 0 0 0
fn=new_do_write
513 18 1 1 0 0 0 10 0 0
515 6 1 1 2 0 0 0 0 0
522 8 1 1 4 0 0 0 0 0
530 16 0 0 8 0 0 8 0 0
531 10 2 2 2 0 0 0 0 0
534 8 0 0 2 0 0 6 0 0
535 4 0 0 0 0 0 4 0 0
536 2 0 0 0 0 0 2 0 0
537 4 0 0 2 0 0 0 0 0
538 6 0 0 2 0 0 0 0 0
540 14 0 0 10 0 0 0 0 0
fl=/build/buildd/eglibc-2.13/libio/genops.c
fn=_IO_cleanup
951 12 1 1 4 0 0 0 0 0
953 12 0 0 3 0 0 0 0 0
954 4 0 0 0 0 0 0 0 0
955 2 0 0 0 0 0 0 0 0
957 3 0 0 1 0 0 0 0 0
962 15 3 3 6 0 0 2 0 0
969 5 0 0 2 0 0 0 0 0
971 2 0 0 0 0 0 1 0 0
973 2 0 0 1 0 0 1 0 0
974 1 0 0 0 0 0 1 0 0
975 2 0 0 1 0 0 1 0 0
976 3 0 0 1 0 0 1 0 0
979 6 0 0 3 0 0 4 0 0
981 2 0 0 0 0 0 0 0 0
982 11 0 0 4 0 0 2 0 0
987 3 2 2 0 0 0 3 0 0
1007 7 1 1 0 0 0 5 0 0
1010 3 0 0 0 0 0 3 0 0
1022 7 0 0 6 0 0 0 0 0
fn=_IO_default_setbuf
562 10 1 1 3 0 0 5 0 0
563 6 1 1 3 0 0 2 0 0
565 2 0 0 0 0 0 0 0 0
567 1 0 0 1 0 0 0 0 0
568 7 0 0 0 0 0 5 0 0
575 3 1 1 0 0 0 3 0 0
576 3 0 0 0 0 0 3 0 0
578 7 0 0 5 0 0 0 0 0
fn=_IO_default_xsputn
452 8 1 1 1 0 0 5 0 0
455 6 1 1 3 0 0 0 0 0
456 1 0 0 0 0 0 0 0 0
460 20 0 0 10 0 0 0 0 0
485 46 1 1 16 0 0 12 0 0
487 4 0 0 0 0 0 0 0 0
488 4 0 0 0 0 0 0 0 0
489 2 1 1 1 0 0 0 0 0
490 6 0 0 5 0 0 0 0 0
fn=_IO_doallocbuf
419 6 1 1 1 0 0 3 1 1
420 3 0 0 1 0 0 0 0 0
422 2 1 1 1 0 0 0 0 0
423 6 0 0 3 0 0 2 0 0
426 4 0 0 3 0 0 0 0 0
fn=_IO_flush_all_lockp
823 8 2 2 1 0 0 5 0 0
824 1 0 0 0 0 0 1 0 0
829 7 0 0 1 0 0 3 0 0
830 2 0 0 0 0 0 0 0 0
834 1 0 0 1 0 0 0 0 0
835 1 1 1 1 0 0 0 0 0
836 8 1 1 0 0 0 0 0 0
838 3 0 0 0 0 0 3 1 1
839 6 0 0 0 0 0 0 0 0
840 3 0 0 1 0 0 1 0 0
842 18 2 2 9 0 0 0 0 0
844 6 0 0 3 0 0 0 0 0
845 6 1 1 0 0 0 0 0 0
852 6 0 0 0 0 0 0 0 0
854 3 0 0 0 0 0 3 0 0
856 9 2 2 3 0 0 0 0 0
863 3 0 0 3 0 0 0 0 0
867 2 0 0 0 0 0 0 0 0
869 3 0 0 1 0 0 0 0 0
873 7 0 0 6 0 0 0 0 0
fn=_IO_setb
404 12 1 1 2 0 0 6 0 0
405 8 0 0 3 0 0 0 0 0
407 4 0 0 2 0 0 2 0 0
408 4 1 1 2 0 0 2 0 0
409 6 0 0 2 0 0 0 0 0
410 1 0 0 1 0 0 0 0 0
412 1 0 0 1 0 0 0 0 0
413 8 0 0 6 0 0 0 0 0
fl=/build/buildd/eglibc-2.13/libio/oldstdfiles.c
fn=_IO_check_libio
78 4 1 1 0 0 0 3 0 0
79 3 1 1 1 0 0 0 0 0
92 3 0 0 3 0 0 0 0 0
fl=/build/buildd/eglibc-2.13/malloc/malloc.c
fn=free
3692 24 1 1 4 0 0 12 0 0
3697 8 0 0 8 1 1 0 0 0
3698 8 0 0 0 0 0 0 0 0
3703 8 0 0 0 0 0 0 0 0
3741 16 1 1 12 0 0 0 0 0
fl=/build/buildd/eglibc-2.13/misc/../sysdeps/unix/syscall-template.S
fn=mprotect
82 36 1 1 16 0 0 4 0 0
83 4 0 0 4 0 0 0 0 0
fn=munmap
82 8 1 1 2 0 0 0 0 0
83 1 0 0 1 0 0 0 0 0
fl=/build/buildd/eglibc-2.13/misc/../sysdeps/unix/sysv/linux/i386/mmap.S
fn=mmap
35 9 2 2 0 0 0 9 0 0
37 9 0 0 0 0 0 9 0 0
39 9 0 0 0 0 0 9 0 0
41 9 0 0 0 0 0 9 0 0
44 9 0 0 9 0 0 0 0 0
46 9 0 0 9 0 0 0 0 0
47 9 0 0 9 0 0 0 0 0
48 9 1 1 9 0 0 0 0 0
50 9 0 0 9 0 0 0 0 0
52 9 0 0 9 0 0 0 0 0
54 9 0 0 0 0 0 0 0 0
55 9 0 0 0 0 0 0 0 0
56 9 0 0 0 0 0 0 0 0
57 9 0 0 0 0 0 0 0 0
59 9 0 0 0 0 0 0 0 0
62 9 0 0 1 0 0 1 0 0
65 9 0 0 9 0 0 0 0 0
68 9 0 0 9 0 0 0 0 0
71 9 0 0 9 0 0 0 0 0
74 9 0 0 9 0 0 0 0 0
98 9 0 0 0 0 0 0 0 0
99 9 0 0 0 0 0 0 0 0
103 9 0 0 9 0 0 0 0 0
fl=/build/buildd/eglibc-2.13/misc/init-misc.c
fn=__init_misc
31 7 1 1 1 0 0 4 0 0
32 5 0 0 1 0 0 0 0 0
34 3 1 1 0 0 0 3 0 0
35 2 0 0 0 0 0 0 0 0
38 3 0 0 1 0 0 1 0 0
39 3 0 0 2 0 0 1 0 0
41 5 0 0 4 0 0 0 0 0
fl=/build/buildd/eglibc-2.13/nptl/../nptl/sysdeps/unix/sysv/linux/unregister-atfork.c
fn=__unregister_atfork
29 9 2 2 1 0 0 5 0 0
37 1 0 0 1 1 1 0 0 0
40 2 0 0 0 0 0 0 0 0
122 6 0 0 5 0 0 0 0 0
fl=/build/buildd/eglibc-2.13/posix/../sysdeps/unix/syscall-template.S
fn=uname
82 7 1 1 1 0 0 0 0 0
83 1 0 0 1 0 0 0 0 0
fl=/build/buildd/eglibc-2.13/posix/../sysdeps/unix/sysv/linux/i386/_exit.S
fn=_Exit
25 1 1 1 1 0 0 0 0 0
29 1 0 0 0 0 0 0 0 0
30 1 0 0 1 0 0 1 0 0
fl=/build/buildd/eglibc-2.13/setjmp/../sysdeps/i386/bsd-_setjmp.S
fn=_setjmp
36 1 1 1 0 0 0 0 0 0
37 1 0 0 1 0 0 0 0 0
41 1 0 0 0 0 0 1 0 0
42 1 0 0 0 0 0 1 0 0
43 1 0 0 0 0 0 1 0 0
44 1 1 1 0 0 0 0 0 0
46 2 0 0 1 0 0 0 0 0
48 1 0 0 0 0 0 1 0 0
49 1 0 0 1 0 0 0 0 0
51 2 0 0 1 0 0 0 0 0
53 1 0 0 0 0 0 1 0 0
55 1 0 0 0 0 0 1 0 0
57 1 0 0 0 0 0 1 0 0
58 1 0 0 1 0 0 0 0 0
fl=/build/buildd/eglibc-2.13/setjmp/../sysdeps/i386/setjmp.S
fn=__sigsetjmp
34 3 1 1 3 0 0 0 0 0
38 3 0 0 0 0 0 3 0 0
39 3 0 0 0 0 0 3 0 0
40 3 0 0 0 0 0 3 0 0
41 3 0 0 0 0 0 0 0 0
45 3 0 0 0 0 0 3 0 0
46 3 0 0 3 0 0 0 0 0
50 3 0 0 0 0 0 3 0 0
52 3 0 0 0 0 0 3 0 0
56 3 0 0 0 0 0 0 0 0
57 3 0 0 3 0 0 0 0 0
fl=/build/buildd/eglibc-2.13/stdio-common/_itoa.c
fn=_itoa_word
175 36 1 1 12 0 0 20 0 0
179 20 0 0 4 0 0 0 0 0
186 8 0 0 0 0 0 0 0 0
195 392 1 1 32 1 1 32 0 0
204 24 0 0 20 0 0 0 0 0
fl=/build/buildd/eglibc-2.13/stdio-common/printf-parse.h
fn=vfprintf
99 30 2 2 2 0 0 24 1 1
fl=/build/buildd/eglibc-2.13/stdio-common/printf.c
fn=printf
30 8 1 1 0 0 0 4 0 0
34 2 0 0 0 0 0 0 0 0
35 14 0 0 6 0 0 8 0 0
39 6 0 0 4 0 0 0 0 0
fl=/build/buildd/eglibc-2.13/stdio-common/vfprintf.c
fn=vfprintf
210 34 2 2 8 0 0 18 1 1
215 4 0 0 0 0 0 4 0 0
235 2 0 0 0 0 0 2 0 0
245 10 1 1 6 0 0 4 0 0
249 2 1 1 0 0 0 2 1 1
252 2 0 0 0 0 0 2 0 0
1291 19 0 0 6 0 0 1 0 0
1295 12 1 1 4 0 0 0 0 0
1299 10 1 1 4 0 0 0 0 0
1300 12 0 0 4 0 0 0 0 0
1306 4 0 0 0 0 0 0 0 0
1309 2 0 0 2 0 0 0 0 0
1313 2 0 0 0 0 0 2 0 0
1317 2 0 0 0 0 0 2 0 0
1321 2 0 0 0 0 0 2 0 0
1332 22 1 1 6 1 1 8 0 0
1333 26 0 0 14 1 1 2 0 0
1336 32 2 2 18 0 0 10 0 0
1340 6 1 1 4 0 0 0 0 0
1344 22 0 0 8 1 1 0 0 0
1371 4 0 0 0 0 0 4 1 1
1372 4 0 0 0 0 0 4 0 0
1373 4 1 1 0 0 0 4 0 0
1374 4 0 0 0 0 0 4 0 0
1375 4 0 0 0 0 0 4 0 0
1376 4 0 0 0 0 0 4 0 0
1377 4 0 0 0 0 0 4 0 0
1378 4 0 0 0 0 0 4 0 0
1379 4 1 1 0 0 0 4 0 0
1380 4 0 0 0 0 0 4 0 0
1381 4 0 0 0 0 0 4 0 0
1384 4 0 0 0 0 0 4 0 0
1385 4 0 0 0 0 0 4 0 0
1388 4 0 0 0 0 0 4 0 0
1389 8 0 0 0 0 0 4 0 0
1392 56 3 3 20 2 2 8 0 0
1412 4 1 1 0 0 0 4 0 0
1594 4 0 0 0 0 0 4 0 0
1595 60 2 2 24 1 1 4 0 0
1622 436 23 23 176 0 0 84 0 0
1623 8 1 1 4 0 0 0 0 0
1639 8 1 1 4 0 0 2 0 0
1641 8 1 1 4 0 0 0 0 0
1643 4 0 0 0 0 0 2 0 0
1649 8 0 0 4 0 0 0 0 0
1653 80 1 1 32 0 0 20 0 0
1655 8 0 0 4 0 0 0 0 0
2028 6 1 1 2 0 0 4 0 0
2029 6 0 0 2 0 0 4 0 0
2031 30 2 2 10 0 0 4 0 0
2032 6 0 0 2 0 0 0 0 0
2035 18 0 0 14 0 0 0 0 0
fl=/build/buildd/eglibc-2.13/stdlib/bsearch.c
fn=bsearch
27 150 1 1 30 0 0 90 0 0
34 498 0 0 0 0 0 0 0 0
36 392 0 0 0 0 0 0 0 0
37 784 1 1 392 0 0 196 0 0
38 784 0 0 392 0 0 588 0 0
39 392 0 0 0 0 0 0 0 0
40 126 0 0 0 0 0 0 0 0
41 70 0 0 0 0 0 0 0 0
42 63 0 0 0 0 0 0 0 0
47 53 0 0 0 0 0 53 0 0
48 180 1 1 150 0 0 0 0 0
fl=/build/buildd/eglibc-2.13/stdlib/cxa_atexit.c
fn=__cxa_atexit
57 4 1 1 0 0 0 2 0 0
58 9 1 1 3 0 0 5 0 0
59 3 0 0 2 0 0 0 0 0
fn=__internal_atexit
34 4 1 1 0 0 0 2 0 0
35 3 0 0 1 0 0 2 0 0
37 2 0 0 0 0 0 0 0 0
41 3 0 0 2 0 0 0 0 0
43 1 0 0 0 0 0 1 0 0
44 2 0 0 1 0 0 1 0 0
45 2 0 0 1 0 0 1 0 0
47 1 0 0 0 0 0 1 0 0
48 1 0 0 0 0 0 0 0 0
49 3 0 0 2 0 0 0 0 0
fn=__new_exitfn
73 7 1 1 0 0 0 5 0 0
79 6 1 1 2 0 0 0 0 0
81 12 1 1 3 0 0 0 0 0
83 3 0 0 1 0 0 0 0 0
91 1 0 0 0 0 0 1 0 0
94 2 1 1 0 0 0 0 0 0
98 2 0 0 0 0 0 0 0 0
112 1 0 0 0 0 0 0 0 0
113 2 0 0 0 0 0 1 0 0
126 1 1 1 0 0 0 1 0 0
127 2 0 0 2 1 1 0 0 0
130 4 0 0 2 0 0 0 0 0
133 7 0 0 5 0 0 0 0 0
fl=/build/buildd/eglibc-2.13/stdlib/cxa_finalize.c
fn=__cxa_finalize
31 8 1 1 1 0 0 5 0 0
35 7 1 1 2 0 0 0 0 0
39 7 0 0 1 0 0 0 0 0
67 6 1 1 2 0 0 0 0 0
71 8 0 0 1 0 0 0 0 0
79 2 0 0 0 0 0 0 0 0
80 2 0 0 0 0 0 1 0 0
82 5 0 0 4 0 0 0 0 0
fl=/build/buildd/eglibc-2.13/stdlib/exit.c
fn=__run_exit_handlers
37 11 2 2 3 0 0 6 0 0
42 3 0 0 0 0 0 0 0 0
46 4 0 0 0 0 0 0 0 0
48 5 0 0 0 0 0 1 0 0
49 1 0 0 0 0 0 0 0 0
50 5 1 1 1 0 0 0 0 0
74 1 0 0 1 0 0 0 0 0
76 2 0 0 1 0 0 0 0 0
78 4 1 1 1 0 0 3 0 0
79 3 0 0 2 0 0 0 0 0
83 2 0 0 1 0 0 1 0 0
84 2 0 0 0 0 0 0 0 0
87 1 0 0 1 0 0 0 0 0
90 2 0 0 1 0 0 0 0 0
91 8 0 0 1 0 0 1 0 0
93 2 0 0 0 0 0 2 0 0
fn=exit
99 4 1 1 0 0 0 2 0 0
100 6 1 1 1 0 0 4 0 0
fl=/build/buildd/eglibc-2.13/string/../sysdeps/i386/i686/multiarch/../../i586/strlen.S
fn=strlen
47 12 1 1 12 0 0 0 0 0
49 12 0 0 0 0 0 0 0 0
51 12 0 0 0 0 0 0 0 0
53 12 0 0 0 0 0 0 0 0
54 4 0 0 0 0 0 0 0 0
56 3 0 0 3 0 0 0 0 0
57 3 0 0 0 0 0 0 0 0
59 2 0 0 0 0 0 0 0 0
60 2 0 0 2 0 0 0 0 0
62 2 0 0 0 0 0 0 0 0
64 2 0 0 0 0 0 0 0 0
65 2 0 0 0 0 0 0 0 0
67 2 0 0 0 0 0 0 0 0
69 2 1 1 2 0 0 0 0 0
70 2 0 0 0 0 0 0 0 0
72 2 0 0 0 0 0 0 0 0
73 2 0 0 0 0 0 0 0 0
99 21 0 0 21 0 0 0 0 0
100 21 0 0 0 0 0 0 0 0
102 21 0 0 0 0 0 0 0 0
103 21 0 0 0 0 0 0 0 0
105 21 0 0 0 0 0 0 0 0
106 21 0 0 0 0 0 0 0 0
108 20 0 0 0 0 0 0 0 0
110 20 0 0 0 0 0 0 0 0
112 20 0 0 0 0 0 0 0 0
115 20 0 0 20 0 0 0 0 0
116 20 0 0 0 0 0 0 0 0
118 20 0 0 0 0 0 0 0 0
119 20 0 0 0 0 0 0 0 0
121 20 0 0 0 0 0 0 0 0
122 20 0 0 0 0 0 0 0 0
124 20 0 0 0 0 0 0 0 0
126 20 0 0 0 0 0 0 0 0
128 20 0 0 0 0 0 0 0 0
131 20 0 0 20 0 0 0 0 0
132 20 0 0 0 0 0 0 0 0
134 20 0 0 0 0 0 0 0 0
135 20 0 0 0 0 0 0 0 0
137 20 0 0 0 0 0 0 0 0
138 20 0 0 0 0 0 0 0 0
140 20 0 0 0 0 0 0 0 0
142 20 0 0 0 0 0 0 0 0
144 20 0 0 0 0 0 0 0 0
147 17 0 0 17 0 0 0 0 0
148 17 0 0 0 0 0 0 0 0
150 17 0 0 0 0 0 0 0 0
151 17 0 0 0 0 0 0 0 0
153 17 0 0 0 0 0 0 0 0
154 17 0 0 0 0 0 0 0 0
156 13 0 0 0 0 0 0 0 0
158 13 0 0 0 0 0 0 0 0
160 13 0 0 0 0 0 0 0 0
163 11 1 1 0 0 0 0 0 0
164 11 1 1 0 0 0 0 0 0
166 11 0 0 0 0 0 0 0 0
167 11 0 0 0 0 0 0 0 0
169 10 0 0 0 0 0 0 0 0
170 10 0 0 0 0 0 0 0 0
172 10 0 0 0 0 0 0 0 0
174 3 0 0 0 0 0 0 0 0
175 3 0 0 0 0 0 0 0 0
177 3 0 0 0 0 0 0 0 0
178 3 0 0 0 0 0 0 0 0
180 1 0 0 0 0 0 0 0 0
183 12 0 0 12 0 0 0 0 0
187 12 0 0 12 0 0 0 0 0
fl=/build/buildd/eglibc-2.13/string/../sysdeps/i386/i686/multiarch/../memcmp.S
fn=???
52 496 1 1 496 0 0 0 0 0
53 496 0 0 496 0 0 0 0 0
fn=bcmp
58 12 1 1 0 0 0 12 0 0
60 12 0 0 12 0 0 0 0 0
61 12 0 0 12 0 0 0 0 0
62 12 0 0 12 0 0 0 0 0
64 12 0 0 0 0 0 0 0 0
65 12 0 0 0 0 0 0 0 0
83 12 1 1 0 0 0 0 0 0
85 12 0 0 0 0 0 12 0 0
87 12 0 0 0 0 0 0 0 0
89 12 0 0 0 0 0 0 0 0
90 12 0 0 0 0 0 0 0 0
92 36 0 0 12 2 2 12 0 0
93 12 0 0 0 0 0 0 0 0
94 12 0 0 0 0 0 0 0 0
95 12 0 0 0 0 0 0 0 0
109 1 0 0 1 1 1 0 0 0
110 1 0 0 1 1 1 0 0 0
111 1 0 0 0 0 0 0 0 0
112 1 0 0 0 0 0 0 0 0
114 4 0 0 4 1 1 0 0 0
115 4 0 0 4 0 0 0 0 0
116 4 0 0 0 0 0 0 0 0
117 4 0 0 0 0 0 0 0 0
119 5 1 1 5 0 0 0 0 0
120 5 0 0 5 1 1 0 0 0
121 5 0 0 0 0 0 0 0 0
122 5 0 0 0 0 0 0 0 0
124 5 0 0 5 0 0 0 0 0
125 5 0 0 5 1 1 0 0 0
126 5 0 0 0 0 0 0 0 0
127 5 1 1 0 0 0 0 0 0
129 5 0 0 5 0 0 0 0 0
130 5 0 0 5 0 0 0 0 0
131 5 0 0 0 0 0 0 0 0
132 5 0 0 0 0 0 0 0 0
134 5 0 0 5 0 0 0 0 0
137 5 0 0 0 0 0 0 0 0
138 10 0 0 10 0 0 0 0 0
268 1 0 0 1 1 1 0 0 0
269 1 0 0 1 1 1 0 0 0
270 1 0 0 0 0 0 0 0 0
271 1 0 0 0 0 0 0 0 0
273 5 1 1 5 0 0 0 0 0
274 5 0 0 5 2 2 0 0 0
275 5 0 0 0 0 0 0 0 0
276 5 0 0 0 0 0 0 0 0
278 4 0 0 4 0 0 0 0 0
279 4 0 0 4 1 1 0 0 0
280 4 0 0 0 0 0 0 0 0
281 4 0 0 0 0 0 0 0 0
282 4 0 0 0 0 0 0 0 0
283 4 1 1 0 0 0 0 0 0
284 4 0 0 4 0 0 0 0 0
285 4 0 0 4 0 0 0 0 0
286 4 0 0 0 0 0 0 0 0
287 4 0 0 4 0 0 0 0 0
290 4 0 0 0 0 0 0 0 0
291 8 0 0 8 0 0 0 0 0
361 3 1 1 0 0 0 0 0 0
362 3 0 0 0 0 0 0 0 0
373 3 0 0 0 0 0 0 0 0
374 3 0 0 0 0 0 0 0 0
375 3 0 0 3 0 0 0 0 0
378 6 0 0 6 0 0 0 0 0
fl=/build/buildd/eglibc-2.13/string/../sysdeps/i386/i686/multiarch/../memcpy.S
fn=memcpy
44 12 1 1 0 0 0 0 0 0
45 12 0 0 12 0 0 0 0 0
46 12 0 0 0 0 0 0 0 0
47 12 0 0 12 0 0 0 0 0
49 12 0 0 0 0 0 0 0 0
50 12 0 0 0 0 0 0 0 0
51 12 1 1 0 0 0 0 0 0
52 12 0 0 12 0 0 0 0 0
53 12 0 0 0 0 0 0 0 0
54 12 0 0 0 0 0 0 0 0
56 9 0 0 0 0 0 0 0 0
57 9 0 0 0 0 0 0 0 0
59 9 0 0 0 0 0 0 0 0
60 9 0 0 0 0 0 0 0 0
71 9 0 0 0 0 0 9 0 0
72 9 0 0 0 0 0 0 0 0
73 9 0 0 0 0 0 0 0 0
74 9 0 0 0 0 0 0 0 0
75 50 0 0 41 0 0 41 5 5
77 9 0 0 0 0 0 0 0 0
78 17 0 0 8 0 0 8 0 0
80 9 0 0 9 0 0 0 0 0
82 12 0 0 0 0 0 0 0 0
83 12 0 0 0 0 0 0 0 0
84 12 0 0 12 0 0 0 0 0
88 12 0 0 12 0 0 0 0 0
94 3 1 1 0 0 0 0 0 0
95 3 0 0 0 0 0 0 0 0
96 2 0 0 2 0 0 2 1 1
97 3 0 0 0 0 0 0 0 0
98 3 0 0 0 0 0 0 0 0
99 2 0 0 2 0 0 2 0 0
100 17 0 0 14 0 0 14 0 0
102 3 0 0 0 0 0 0 0 0
fl=/build/buildd/eglibc-2.13/string/../sysdeps/i386/i686/multiarch/../mempcpy.S
fn=mempcpy
44 49 1 1 49 0 0 0 0 0
45 49 0 0 0 0 0 0 0 0
47 49 0 0 49 0 0 0 0 0
49 49 0 0 0 0 0 0 0 0
51 49 0 0 49 0 0 0 0 0
53 49 1 1 0 0 0 0 0 0
54 49 0 0 0 0 0 0 0 0
55 49 0 0 0 0 0 0 0 0
56 14 0 0 14 1 1 14 2 2
57 49 0 0 0 0 0 0 0 0
58 49 0 0 0 0 0 0 0 0
59 32 0 0 32 0 0 32 0 0
60 147 0 0 98 0 0 98 1 1
62 49 0 0 0 0 0 0 0 0
64 49 0 0 0 0 0 0 0 0
69 49 0 0 49 0 0 0 0 0
fl=/build/buildd/eglibc-2.13/string/../sysdeps/i386/i686/multiarch/../memset.S
fn=memset
52 9 1 1 0 0 0 0 0 0
53 9 0 0 0 0 0 9 0 0
55 9 0 0 9 0 0 0 0 0
56 9 0 0 9 0 0 0 0 0
61 9 0 0 9 0 0 0 0 0
63 9 0 0 0 0 0 0 0 0
64 9 0 0 0 0 0 0 0 0
66 9 0 0 0 0 0 0 0 0
67 9 0 0 0 0 0 0 0 0
68 4 0 0 0 0 0 0 0 0
69 2 0 0 0 0 0 2 0 0
70 2 0 0 0 0 0 0 0 0
71 2 0 0 0 0 0 0 0 0
72 4 0 0 0 0 0 4 0 0
73 4 0 0 0 0 0 0 0 0
74 4 0 0 0 0 0 0 0 0
79 5 0 0 0 0 0 0 0 0
80 5 0 0 0 0 0 0 0 0
81 5 0 0 0 0 0 0 0 0
83 5 0 0 0 0 0 0 0 0
85 424 0 0 0 0 0 419 27 27
87 5 0 0 0 0 0 0 0 0
88 5 0 0 0 0 0 0 0 0
93 9 0 0 9 0 0 0 0 0
96 9 0 0 9 0 0 0 0 0
104 9 0 0 9 0 0 0 0 0
fl=/build/buildd/eglibc-2.13/string/../sysdeps/i386/i686/multiarch/../strcmp.S
fn=strcmp
34 189 1 1 189 0 0 0 0 0
35 189 0 0 189 0 0 0 0 0
39 1270 0 0 1270 9 9 0 0 0
40 1270 0 0 1270 2 2 0 0 0
41 1270 0 0 0 0 0 0 0 0
42 1193 0 0 0 0 0 0 0 0
43 1193 0 0 0 0 0 0 0 0
44 1193 0 0 0 0 0 0 0 0
45 1193 0 0 0 0 0 0 0 0
47 112 0 0 0 0 0 0 0 0
53 112 0 0 112 0 0 0 0 0
56 77 0 0 0 0 0 0 0 0
57 77 0 0 0 0 0 0 0 0
58 77 0 0 0 0 0 0 0 0
70 77 0 0 77 0 0 0 0 0
fl=/build/buildd/eglibc-2.13/string/../sysdeps/i386/i686/multiarch/strcmp.S
fn=???
49 68 1 1 68 0 0 0 0 0
50 68 0 0 68 0 0 0 0 0
fl=/build/buildd/eglibc-2.13/string/../sysdeps/i386/strchr.S
fn=index
38 6 1 1 0 0 0 6 0 0
41 6 0 0 6 0 0 0 0 0
42 6 0 0 6 0 0 0 0 0
49 6 0 0 0 0 0 0 0 0
50 6 0 0 0 0 0 0 0 0
51 6 0 0 0 0 0 0 0 0
52 6 0 0 0 0 0 0 0 0
65 6 0 0 0 0 0 0 0 0
66 6 0 0 0 0 0 0 0 0
67 2 0 0 2 1 1 0 0 0
68 2 0 0 0 0 0 0 0 0
69 2 1 1 0 0 0 0 0 0
70 2 0 0 0 0 0 0 0 0
71 2 0 0 0 0 0 0 0 0
72 2 0 0 0 0 0 0 0 0
74 2 0 0 0 0 0 0 0 0
75 2 0 0 0 0 0 0 0 0
76 1 0 0 1 0 0 0 0 0
77 1 0 0 0 0 0 0 0 0
78 1 0 0 0 0 0 0 0 0
79 1 0 0 0 0 0 0 0 0
80 1 0 0 0 0 0 0 0 0
81 1 0 0 0 0 0 0 0 0
83 1 0 0 0 0 0 0 0 0
84 1 0 0 0 0 0 0 0 0
125 2 0 0 0 0 0 0 0 0
127 8 1 1 8 1 1 0 0 0
128 8 0 0 0 0 0 0 0 0
130 8 0 0 0 0 0 0 0 0
131 8 0 0 0 0 0 0 0 0
141 8 0 0 0 0 0 0 0 0
145 8 0 0 0 0 0 0 0 0
148 8 0 0 0 0 0 0 0 0
149 8 0 0 0 0 0 0 0 0
153 8 0 0 0 0 0 0 0 0
159 7 0 0 0 0 0 0 0 0
160 7 0 0 0 0 0 0 0 0
161 7 0 0 0 0 0 0 0 0
164 7 0 0 0 0 0 0 0 0
165 7 0 0 0 0 0 0 0 0
166 7 0 0 0 0 0 0 0 0
167 7 0 0 0 0 0 0 0 0
169 7 1 1 0 0 0 0 0 0
171 7 0 0 7 1 1 0 0 0
172 7 0 0 0 0 0 0 0 0
174 7 0 0 0 0 0 0 0 0
175 7 0 0 0 0 0 0 0 0
178 7 0 0 0 0 0 0 0 0
179 7 0 0 0 0 0 0 0 0
180 7 0 0 0 0 0 0 0 0
181 7 0 0 0 0 0 0 0 0
183 7 0 0 0 0 0 0 0 0
184 7 0 0 0 0 0 0 0 0
185 7 0 0 0 0 0 0 0 0
186 7 0 0 0 0 0 0 0 0
189 7 0 0 0 0 0 0 0 0
190 7 0 0 0 0 0 0 0 0
191 7 0 0 0 0 0 0 0 0
192 7 0 0 0 0 0 0 0 0
194 7 0 0 0 0 0 0 0 0
196 7 0 0 7 0 0 0 0 0
197 7 0 0 0 0 0 0 0 0
199 7 1 1 0 0 0 0 0 0
200 7 0 0 0 0 0 0 0 0
203 7 0 0 0 0 0 0 0 0
204 7 0 0 0 0 0 0 0 0
205 7 0 0 0 0 0 0 0 0
206 7 0 0 0 0 0 0 0 0
208 7 0 0 0 0 0 0 0 0
209 7 0 0 0 0 0 0 0 0
210 7 0 0 0 0 0 0 0 0
211 7 0 0 0 0 0 0 0 0
214 7 0 0 0 0 0 0 0 0
215 7 0 0 0 0 0 0 0 0
216 7 0 0 0 0 0 0 0 0
217 7 0 0 0 0 0 0 0 0
219 7 0 0 0 0 0 0 0 0
221 5 0 0 5 0 0 0 0 0
222 5 0 0 0 0 0 0 0 0
224 5 0 0 0 0 0 0 0 0
225 5 0 0 0 0 0 0 0 0
228 5 0 0 0 0 0 0 0 0
229 5 0 0 0 0 0 0 0 0
230 5 0 0 0 0 0 0 0 0
231 5 0 0 0 0 0 0 0 0
233 5 0 0 0 0 0 0 0 0
234 5 1 1 0 0 0 0 0 0
235 5 0 0 0 0 0 0 0 0
236 5 0 0 0 0 0 0 0 0
239 5 0 0 0 0 0 0 0 0
240 4 0 0 0 0 0 0 0 0
241 4 0 0 0 0 0 0 0 0
242 4 0 0 0 0 0 0 0 0
244 4 0 0 0 0 0 0 0 0
247 5 0 0 0 0 0 0 0 0
249 5 0 0 5 0 0 0 0 0
254 5 0 0 5 0 0 0 0 0
268 1 0 0 0 0 0 0 0 0
269 1 0 0 0 0 0 0 0 0
292 1 0 0 1 0 0 0 0 0
297 1 0 0 1 0 0 0 0 0
fl=/build/buildd/eglibc-2.13/string/../sysdeps/i386/strchrnul.S
fn=strchrnul
38 6 1 1 0 0 0 6 0 0
42 6 0 0 6 0 0 0 0 0
43 6 0 0 6 0 0 0 0 0
50 6 0 0 0 0 0 0 0 0
51 6 0 0 0 0 0 0 0 0
52 6 0 0 0 0 0 0 0 0
53 6 0 0 0 0 0 0 0 0
66 6 0 0 0 0 0 0 0 0
67 6 0 0 0 0 0 0 0 0
68 4 0 0 4 0 0 0 0 0
69 4 0 0 0 0 0 0 0 0
70 4 0 0 0 0 0 0 0 0
71 4 0 0 0 0 0 0 0 0
72 4 0 0 0 0 0 0 0 0
73 4 0 0 0 0 0 0 0 0
75 4 0 0 0 0 0 0 0 0
76 4 0 0 0 0 0 0 0 0
77 2 0 0 2 0 0 0 0 0
78 2 0 0 0 0 0 0 0 0
79 2 0 0 0 0 0 0 0 0
80 2 0 0 0 0 0 0 0 0
81 2 0 0 0 0 0 0 0 0
82 1 0 0 0 0 0 0 0 0
84 1 0 0 0 0 0 0 0 0
85 1 0 0 0 0 0 0 0 0
128 5 1 1 5 1 1 0 0 0
129 5 0 0 0 0 0 0 0 0
131 5 0 0 0 0 0 0 0 0
132 5 0 0 0 0 0 0 0 0
142 5 0 0 0 0 0 0 0 0
146 5 0 0 0 0 0 0 0 0
149 5 0 0 0 0 0 0 0 0
150 5 0 0 0 0 0 0 0 0
154 5 1 1 0 0 0 0 0 0
160 5 0 0 0 0 0 0 0 0
161 5 0 0 0 0 0 0 0 0
162 5 0 0 0 0 0 0 0 0
165 5 0 0 0 0 0 0 0 0
166 4 0 0 0 0 0 0 0 0
167 4 0 0 0 0 0 0 0 0
168 4 0 0 0 0 0 0 0 0
170 4 0 0 0 0 0 0 0 0
172 4 0 0 4 0 0 0 0 0
173 4 0 0 0 0 0 0 0 0
175 4 0 0 0 0 0 0 0 0
176 4 0 0 0 0 0 0 0 0
179 4 0 0 0 0 0 0 0 0
180 3 0 0 0 0 0 0 0 0
181 3 0 0 0 0 0 0 0 0
182 3 0 0 0 0 0 0 0 0
184 3 0 0 0 0 0 0 0 0
249 4 1 1 0 0 0 0 0 0
255 5 1 1 0 0 0 0 0 0
256 5 0 0 0 0 0 0 0 0
257 4 0 0 0 0 0 0 0 0
258 4 0 0 0 0 0 0 0 0
259 4 0 0 0 0 0 0 0 0
261 4 0 0 0 0 0 0 0 0
262 4 0 0 0 0 0 0 0 0
263 2 0 0 0 0 0 0 0 0
264 2 0 0 0 0 0 0 0 0
265 2 0 0 0 0 0 0 0 0
267 2 0 0 0 0 0 0 0 0
268 2 0 0 0 0 0 0 0 0
269 2 0 0 0 0 0 0 0 0
270 1 0 0 0 0 0 0 0 0
271 1 0 0 0 0 0 0 0 0
274 1 0 0 0 0 0 0 0 0
278 6 0 0 6 0 0 0 0 0
283 6 0 0 6 0 0 0 0 0
fl=/build/buildd/eglibc-2.13/string/../sysdeps/i386/strrchr.S
fn=rindex
37 1 1 1 0 0 0 1 0 0
40 1 0 0 0 0 0 1 0 0
43 1 0 0 0 0 0 0 0 0
44 1 0 0 1 0 0 0 0 0
46 1 0 0 1 0 0 0 0 0
53 1 0 0 0 0 0 0 0 0
54 1 0 0 0 0 0 0 0 0
55 1 0 0 0 0 0 0 0 0
56 1 0 0 0 0 0 0 0 0
69 1 0 0 0 0 0 0 0 0
70 1 0 0 0 0 0 0 0 0
71 1 0 0 1 0 0 0 0 0
72 1 0 0 0 0 0 0 0 0
73 1 0 0 0 0 0 0 0 0
75 1 0 0 0 0 0 0 0 0
76 1 1 1 0 0 0 0 0 0
77 1 0 0 0 0 0 0 0 0
79 1 0 0 0 0 0 0 0 0
80 1 0 0 0 0 0 0 0 0
159 1 0 0 0 0 0 0 0 0
160 1 0 0 0 0 0 0 0 0
161 1 0 0 0 0 0 0 0 0
162 1 0 0 0 0 0 0 0 0
163 1 0 0 0 0 0 0 0 0
171 1 0 0 0 0 0 0 0 0
172 1 0 0 0 0 0 0 0 0
173 1 0 0 0 0 0 0 0 0
176 1 0 0 0 0 0 0 0 0
178 2 1 1 2 0 0 0 0 0
179 2 0 0 0 0 0 0 0 0
180 2 0 0 0 0 0 0 0 0
191 2 1 1 0 0 0 0 0 0
195 2 0 0 0 0 0 0 0 0
198 2 0 0 0 0 0 0 0 0
199 2 0 0 0 0 0 0 0 0
203 2 0 0 0 0 0 0 0 0
209 1 0 0 0 0 0 0 0 0
211 1 0 0 0 0 0 0 0 0
212 1 0 0 0 0 0 0 0 0
215 1 0 0 0 0 0 0 0 0
216 1 0 0 0 0 0 0 0 0
217 1 0 0 0 0 0 0 0 0
218 1 0 0 0 0 0 0 0 0
220 1 0 0 0 0 0 0 0 0
305 1 1 1 0 0 0 0 0 0
306 1 0 0 0 0 0 0 0 0
308 1 0 0 0 0 0 0 0 0
309 1 0 0 0 0 0 0 0 0
311 1 0 0 0 0 0 0 0 0
312 1 0 0 0 0 0 0 0 0
314 1 0 0 0 0 0 0 0 0
315 1 0 0 0 0 0 0 0 0
317 1 0 0 0 0 0 0 0 0
318 1 0 0 0 0 0 0 0 0
319 1 0 0 0 0 0 0 0 0
321 1 0 0 0 0 0 0 0 0
322 1 0 0 0 0 0 0 0 0
330 1 1 1 1 0 0 0 0 0
333 1 0 0 1 0 0 0 0 0
338 1 0 0 1 0 0 0 0 0
fl=/build/buildd/eglibc-2.13/string/../sysdeps/x86_64/cacheinfo.c
fn=handle_intel
358 15 1 1 0 0 0 9 0 0
359 6 0 0 0 0 0 0 0 0
364 3 0 0 0 0 0 0 0 0
370 6 0 0 0 0 0 6 0 0
372 6 0 0 0 0 0 3 0 0
373 6 0 0 0 0 0 3 0 0
375 8 0 0 3 0 0 3 0 0
381 21 1 1 0 0 0 9 0 0
386 6 0 0 3 0 0 0 0 0
388 10 1 1 1 0 0 3 0 0
389 3 0 0 0 0 0 0 0 0
393 15 0 0 3 0 0 9 0 0
394 6 0 0 0 0 0 0 0 0
397 15 1 1 6 0 0 9 0 0
398 6 0 0 0 0 0 0 0 0
401 15 0 0 6 0 0 9 0 0
402 6 0 0 0 0 0 0 0 0
405 15 0 0 6 0 0 9 0 0
406 6 0 0 0 0 0 0 0 0
410 3 0 0 0 0 0 0 0 0
412 4 0 0 1 0 0 0 0 0
415 15 1 1 12 0 0 0 0 0
fn=init_cacheinfo
603 7 1 1 0 0 0 5 0 0
616 3 0 0 1 0 0 0 0 0
617 3 1 1 1 0 0 1 0 0
623 2 0 0 0 0 0 0 0 0
625 4 0 0 1 0 0 1 0 0
628 1 1 1 0 0 0 1 0 0
629 4 0 0 1 0 0 1 0 0
631 2 0 0 0 0 0 0 0 0
634 1 0 0 0 0 0 1 0 0
635 5 1 1 1 0 0 1 0 0
642 2 0 0 1 0 0 1 0 0
660 5 0 0 1 0 0 1 0 0
667 21 1 1 0 0 0 1 0 0
673 6 0 0 0 0 0 0 0 0
676 15 0 0 3 0 0 0 0 0
678 3 0 0 1 0 0 0 0 0
684 5 0 0 1 0 0 1 0 0
710 2 1 1 1 0 0 0 0 0
722 4 0 0 0 0 0 0 0 0
723 5 1 1 0 0 0 0 0 0
799 2 0 0 0 0 0 0 0 0
801 3 0 0 0 0 0 1 0 0
802 1 0 0 0 0 0 1 1 1
804 1 0 0 0 0 0 0 0 0
805 3 0 0 0 0 0 1 0 0
806 1 0 0 0 0 0 1 0 0
809 2 0 0 0 0 0 0 0 0
811 3 0 0 0 0 0 1 0 0
812 1 0 0 0 0 0 1 0 0
814 1 0 0 0 0 0 0 0 0
815 3 0 0 0 0 0 1 0 0
816 1 0 0 0 0 0 1 0 0
818 6 0 0 5 0 0 0 0 0
fn=intel_02_known_compare
145 196 1 1 0 0 0 196 0 0
152 980 0 0 784 9 9 0 0 0
153 196 0 0 0 0 0 0 0 0
155 378 0 0 0 0 0 0 0 0
156 392 0 0 392 0 0 0 0 0
fn=intel_check_word
163 108 1 1 0 0 0 72 0 0
164 24 1 1 0 0 0 0 0 0
170 81 0 0 0 0 0 0 0 0
172 68 0 0 0 0 0 0 0 0
174 60 1 1 0 0 0 0 0 0
176 60 1 1 0 0 0 0 0 0
184 60 0 0 0 0 0 0 0 0
288 66 0 0 0 0 0 0 0 0
309 4 0 0 1 0 0 0 0 0
323 30 1 1 0 0 0 30 0 0
324 249 0 0 0 0 0 180 0 0
326 60 0 0 0 0 0 0 0 0
328 28 0 0 7 0 0 0 0 0
330 4 1 1 2 0 0 0 0 0
332 4 0 0 0 0 0 0 0 0
334 4 1 1 2 0 0 0 0 0
342 10 0 0 0 0 0 0 0 0
343 6 1 1 2 0 0 2 0 0
348 28 0 0 0 0 0 0 0 0
352 10 0 0 0 0 0 0 0 0
353 72 0 0 60 0 0 0 0 0
fl=/build/buildd/eglibc-2.13/time/../sysdeps/unix/syscall-template.S
fn=gettimeofday
82 16 1 1 6 0 0 2 0 0
83 2 0 0 2 0 0 0 0 0
fl=???
fn=???
0 258 22 18 123 1 1 57 1 1
fn=__libc_csu_init
0 21 1 1 6 0 0 6 0 0
fn=_dl_sysinfo_int80
0 13 0 0 6 0 0 0 0 0
fn=main
0 722846 7 7 481211 0 0 40418 2470 2470
summary: 842380 793 789 520595 855 855 57034 2637 2637
